89.85
90.75
91.6
91.55
91.7
62.8
28.87
28.41
61.09
39.15
53.12
42.595
39.655
34.005
31.18
33.425
39.77
44.145
54.235
70.865
76.615
74.79
70.035
74.055
76.61
79.44
83.7
88.45
88.95
60.36
49.095
59.92
65.73
62.325
54.23
49.285
41.65
37.74
36.14
34.945
31.51
33.505
39.085
53.085
58.225
70.44
79.665
80.44
84.25
87.7
85
70.405
91.95
70.04
93.2
94.05
88.2
75.24
63.48
50.81
47.865
44.28
43.055
43.785
47.925
54.015
61.65
22.835
12.93
12.245
14.315
10.75
13.595
18.245
37.235
35.99
21.32
24.365
14.53
9.815
10.74
18.775
18.315
57.39
47.57
46.45
47.66
53.33
53.96
32.73
48.4
30.46
81.43
88.95
90.95
90.25
90.4
89.2
84.45
78.28
79.975
77.215
74.905
71.82
64.475
47.685
36.755
33.535
32.025
40.975
54.54
53.29
52.745
53.765
62.07
75.43
85.3
89.75
91.75
92.45
92.1
92.35
93.1
93.7
93.4
92.85
93
93.4
93.2
84.795
72.74
50.355
39.2
36.455
36.53
32.865
36.755
42.365
48.29
54.045
55.775
57.275
55.57
60.495
61.74
66.715
66.775
72.485
74.265
75.24
75.02
73.705
57.56
50.44
45.255
39.755
39.23
33.76
30.445
31.825
37.225
38.475
42.54
50.03
55.14
52.76
57.125
64.085
61.065
63.205
63.24
65.265
68.535
67.785
66.545
63.51
56.05
44.1
40.715
37.005
34.43
32.3
33.725
39.6
43.215
47.515
52.39
68.32
80.035
85.45
87.95
89.35
90.05
91.15
91.85
92.5
92.6
92.35
92.45
91.5
81.85
69.645
65.695
65.87
65.395
66.74
65.77
63.635
63.9
64.94
66.415
71.155
74.125
76.035
75.335
81.65
83.45
85.05
86.05
85.75
87
88.25
89.8
91.55
80.55
66.05
59.53
56.905
56.48
59.655
58.85
58.885
60.14
62.495
68.835
72.15
76.305
76.045
74.95
74.065
78.39
84.9
89.25
89.6
90.25
88.1
88.8
90.85
81.645
67.525
60.73
58.63
59.495
60.57
61.045
56.78
56.295
60.67
69.36
74.505
72.95
78.99
71.355
73.685
74.89
76.85
78.89
83.75
87.8
84.6
82
86.4
89.85
91.6
87.4
87.7
88.6
90.55
79.77
76.195
63.675
67.14
81.23
84.2
83.45
87
89.7
92.3
92.95
92.95
92.85
93.45
93.95
94.4
94.6
94.8
94.9
90.65
76.92
64.315
58.95
52.525
53.78
62.08
58.46
62.24
68.565
78.77
87.1
91.05
92.15
93.45
93.6
93.55
93.85
93.85
94
94.3
94.45
94.55
94.05
85.65
73.76
58.295
51.54
44.85
43.71
40.01
39.72
43.905
54.98
58.155
58.125
74.135
85.85
89.85
92.1
92.6
93.5
94.15
94.3
94.45
94.05
92.6
76.4
62.845
51.265
43.915
40.505
38.645
35.295
36.21
35.66
40
50.225
64.37
78.535
82.7
85.9
88.8
87.5
84.2
88.15
90
90.1
87.85
90.15
91.35
92.15
90.7
73.03
61.99
61.8
47.165
49.475
51.005
51.62
61.68
74.99
79.06
80.65
81.95
84.45
88.2
87.3
88.7
91.45
91.1
91.1
92.3
92.95
93.65
92.2
75.17
60.405
55.53
52.73
48.975
49.055
63.17
76.685
81.18
82.05
73.485
78.45
86.6
90.85
92.55
92.7
93
93.35
94
93.9
93.65
93.75
93.65
89.55
79.705
71.24
60.675
56.53
60.81
49.27
50.065
50.835
78.705
86.65
89.15
90.6
91.15
92.05
92.55
92.95
90.4
89.3
91.4
92.7
93.15
93.45
91.7
84.75
70.52
65.93
46.955
44.77
37.73
35.77
47.605
56.35
67.925
81.285
88.05
91.1
92.9
93.85
94.15
94.6
93.8
90.9
89
91.75
91.35
88.55
88.95
84.35
77.84
69.025
67.885
66.725
66.195
72.27
76.625
78.25
78.31
85.95
89.6
91.15
92.15
91.45
89.15
90.95
92.25
93.1
93.65
93.75
94.1
94.25
93.75
89.05
79.345
70.035
58.345
49.04
34.89
32.165
44.72
73.715
81.7
86.3
85.7
88
86.35
76.65
70.42
67.09
67.52
69.99
67.96
60.37
68.92
70.24
67.765
66.93
58.11
47.735
42.845
42.31
40.025
37.22
31.06
29.72
30.645
40.58
42.97
44.075
46.975
51.265
55.42
56.6
57.675
60.415
60.475
60.71
60.81
60.54
59.065
54.225
45.27
38.795
33.38
31.685
29.6
28.535
28.575
28.335
30.69
38.62
48.35
53.51
64.69
65.695
73.36
73.99
75.715
81.11
84.35
84.15
84.5
85.45
83.3
70.15
48.975
45.46
36.27
30.625
26.71
33.015
41.955
57.05
66.265
75.43
79.505
81.3
83.6
85.6
86.25
87.45
89.15
90.8
89.45
87.6
89.25
90.95
92.85
86.35
68.99
64.59
58.02
55.175
55.755
54.405
52.745
50.29
52.535
63.53
73.465
78.425
83.25
84.75
86.15
87.35
91.15
91.95
93.05
93.55
93.75
94.15
94.25
94.45
79.445
67.16
61.335
47.44
40.69
40.495
43.295
47.065
51.455
61.045
67.695
72.925
81.5
83.15
84.6
86.7
89.85
88.95
91.35
92.35
92.8
92.05
93.1
89.05
68.635
62.915
55.575
50.145
45.73
43.405
42.885
53.93
65.075
72.195
73.55
73.73
83.45
88.55
90.6
90.85
91.7
92.05
93.4
93.7
93.8
94.3
94.65
94.25
82.6
72.825
60.605
52.365
44.965
42.575
50.18
54.085
60.535
71.675
80.37
86.65
88.8
90.05
91.25
92.35
93.15
93.9
94.15
94.3
94.6
95.1
95.25
95.25
86.85
77.3
61.585
48.285
43.47
46.56
47.57
52.465
59
70.75
79.22
80.14
82
85.75
90.7
92.05
92.35
93.65
94
94.45
94.85
94.9
95.15
95.05
87
74.075
61.93
52.485
45.26
41.035
35.835
41.9
53.585
71.555
73.105
78.06
84.6
87.15
88.6