   0.00000000     TIME
 0     24     NDIR   NDIRC
        8241
        8242
        8243
        8244
        8245
        8246
        8247
        8248
        8249
        8250
        8251
        8252
        8598
        8599
        8600
        8601
        8602
        8603
        8604
        8605
        8606
        8607
        8608
        8609
   0.00
   0.00
   0.00
   0.00
   0.00
   0.00
   0.00
   0.00
   0.00
   0.00
   0.00
   0.00
   0.50
   0.50
   0.50
   0.50
   0.50
   0.50
   0.50
   0.50
   0.50
   0.50
   0.50
   0.50

   100000000.     TIME
 0     24     NDIR   NDIRC
        8241
        8242
        8243
        8244
        8245
        8246
        8247
        8248
        8249
        8250
        8251
        8252
        8598
        8599
        8600
        8601
        8602
        8603
        8604
        8605
        8606
        8607
        8608
        8609
   0.00
   0.00
   0.00
   0.00
   0.00
   0.00
   0.00
   0.00
   0.00
   0.00
   0.00
   0.00
   0.50
   0.50
   0.50
   0.50
   0.50
   0.50
   0.50
   0.50
   0.50
   0.50
   0.50
   0.50
