0.0 TIME
0
0
0
1e+20
0
0
0
      12      SFV
    9      SFVNUM
         613
        1225
        1837
        2449
        3061
        3673
        4285
        4897
        5509
   9    SFVNUM (2)
         624
        1236
        1848
        2460
        3072
        3684
        4296
        4908
        5520
   9 SFVNUM(3)
         623
        1235
        1847
        2459
        3071
        3683
        4295
        4907
        5519
    9 SFVNUM(4)
         614
        1226
        1838
        2450
        3062
        3674
        4286
        4898
        5510
    9 SFVNUM(5)
         622
        1234
        1846
        2458
        3070
        3682
        4294
        4906
        5518
    9 SFVNUM(6)
         615
        1227
        1839
        2451
        3063
        3675
        4287
        4899
        5511
    9 SFVNUM(7)
         621
        1233
        1845
        2457
        3069
        3681
        4293
        4905
        5517
    9 SFVNUM(8)
         616
        1228
        1840
        2452
        3064
        3676
        4288
        4900
        5512
    9 SFVNUM(9)
         620
        1232
        1844
        2456
        3068
        3680
        4292
        4904
        5516
    9 SFVNUM(10)
         617
        1229
        1841
        2453
        3065
        3677
        4289
        4901
        5513
    9 SFVNUM(11)
         619
        1231
        1843
        2455
        3067
        3679
        4291
        4903
        5515
    9 SFVNUM(12)
         618 
        1230 
        1842 
        2454 
        3066
        3678
        4290
        4902
        5514

687600.0 TIME
      12      SFV
    9      SFVNUM
         613
        1225
        1837
        2449
        3061
        3673
        4285
        4897
        5509
   9    SFVNUM (2)
         624
        1236
        1848
        2460
        3072
        3684
        4296
        4908
        5520
   9 SFVNUM(3)
         623
        1235
        1847
        2459
        3071
        3683
        4295
        4907
        5519
    9 SFVNUM(4)
         614
        1226
        1838
        2450
        3062
        3674
        4286
        4898
        5510
    9 SFVNUM(5)
         622
        1234
        1846
        2458
        3070
        3682
        4294
        4906
        5518
    9 SFVNUM(6)
         615
        1227
        1839
        2451
        3063
        3675
        4287
        4899
        5511
    9 SFVNUM(7)
         621
        1233
        1845
        2457
        3069
        3681
        4293
        4905
        5517
    9 SFVNUM(8)
         616
        1228
        1840
        2452
        3064
        3676
        4288
        4900
        5512
    9 SFVNUM(9)
         620
        1232
        1844
        2456
        3068
        3680
        4292
        4904
        5516
    9 SFVNUM(10)
         617
        1229
        1841
        2453
        3065
        3677
        4289
        4901
        5513
    9 SFVNUM(11)
         619
        1231
        1843
        2455
        3067
        3679
        4291
        4903
        5515
    9 SFVNUM(12)
         618 
        1230 
        1842 
        2454 
        3066
        3678
        4290
        4902
        5514








