       1             19          30   NZONE  NSTR  N1
       9      8                       NNOD  NTRI
       0             0          5.0   IVERT ISP BASE (m) 
       0.01  0.01  0.01  0.01  0.01
       0.01  0.02  0.02  0.02  0.02  
       0.02  0.02  0.02  0.10  0.10  
       0.10  0.10  0.20  0.20  ZRATIO
       0    Z(1) m
              1              5              4              1
              4              8              7              1
              1              2              5              1
              4              5              8              1
              2              6              5              1
              5              9              8              1
              2              3              6              1
              5              6              9              1
        0.000000E+00      5.000000E+00
        0.000000E+00      2.500000E+00
        0.000000E+00      0.000000E+00
        2.500000E+00      5.000000E+00
        2.500000E+00      2.500000E+00
        2.500000E+00      0.000000E+00
        5.000000E+00      5.000000E+00
        5.000000E+00      2.500000E+00
        5.000000E+00      0.000000E+00

