0.0895
0.0855
0.1045
0.0915
0.0925
0.076
4.2275
155.895
519.4
889
1231
1479.5
1598
1602
1457.5
1222
874.25
469.55
94.94
0.386
0.1185
0.0745
0.054
0.0895
0.11
0.071
0.086
0.104
0.054
0.074
4.3585
159.46
538.25
912.5
1138
1476.5
1585.5
1440
1477.5
1241.5
851.75
452.95
88.415
0.3105
0.0975
0.08
0.083
0.053
0.093
0.098
0.085
0.125
0.0845
0.0705
3.5165
134.41
487.45
899
1240
1479
1595
1576
1443.5
1189.5
825.9
411.05
67.82
0.267
0.047
0.1325
0.0985
0.0755
0.105
0.134
0.0885
0.1165
0.0725
0.0755
3.2015
122.97
443.45
833.25
1190.5
1438
1560
1554
1423.5
1160.5
810.55
410.25
70.165
0.1685
0.0915
0.108
0.085
0.0895
0.0505
0.0625
0.1045
0.0745
0.0505
0.084
3.325
144.885
330.2
915
1252.5
1494.5
1601
1573
1424.5
1120.5
793.75
331.7
86.41
0.177
0.091
0.0805
0.0855
0.084
0.0905
0.111
0.052
0.1025
0.092
0.128
1.0535
42.175
149.65
325.55
618.7
1264.5
1152.5
1518.5
1471
1292.5
909.5
395.45
44.795
0.125
0.0405
0.128
0.112
0.112
0.0795
0.122
0.1015
0.07
0.069
0.114
2.6775
163.02
575.45
995
1342.5
1511
1492.5
1584
1123.35
1001.5
430.1
296.55
47.465
0.1675
0.088
0.0385
0.057
0.0745
0.0645
0.084
0.0795
0.08
0.053
0.0615
2.931
163.43
570.9
987.5
1335.5
1580
1697
1654.5
1363
1256
590.2
173.35
36.975
0.1045
0.072
0.038
0.0325
0.052
0.0605
0.0795
0.0485
0.0665
0.0745
0.0735
0.992
44.945
167.1
236.4
465.55
229.3
284.65
358.95
836.3
488.15
179.4
73.5
10.993
0.0615
0.054
0.054
0.0165
0.0355
0.0365
0.0895
0.066
0.065
0.097
0.082
2.1095
116.985
479.9
911
1224.5
1284.5
1210.5
439.2
718.95
549.85
382.15
152.5
29.671
0.0725
0.0355
0.097
0.0625
0.071
0.073
0.1005
0.084
0.1315
0.063
0.091
1.751
93.395
496.8
623.1
1219
890.2
693.6
443
613.25
949
241.45
96.3
64.4575
0.08
0.082
0.0665
0.0625
0.083
0.0575
0.0535
0.043
0.068
0.084
0.068
0.2625
24.442
45.87
17.455
18.965
58.105
79.365
357.6
660.7
643.05
711.8
251.35
26.1115
0.058
0.097
0.098
0.055
0.0475
0.054
0.0505
0.096
0.096
0.059
0.073
0.405
45.94
289.6
789.1
1188
1445
1415
1256.5
908.95
345.15
380.55
224.8
12.555
0.1075
0.0625
0.0925
0.0895
0.0625
0.053
0.0895
0.084
0.1095
0.0755
0.109
0.6975
76.865
310.05
366
634.85
736.05
1102.5
1105.5
1064
817.4
497.25
397.95
34.524
0.0955
0.055
0.0915
0.057
0.0505
0.05
0.079
0.0785
0.0825
0.0755
0.0895
0.798
111.635
474.9
890.9
1238.5
1473.5
1601.5
1508.5
1423.5
1124
787.95
345.5
30.6115
0.055
0.0795
0.0925
0.055
0.0765
0.054
0.0685
0.044
0.068
0.0485
0.096
0.2925
17.0875
84.345
287.25
767
633.1
709.3
1448.5
849.65
466.35
732.5
124.43
7.4445
0.0985
0.0735
0.066
0.0805
0.07
0.0485
0.057
0.083
0.093
0.0365
0.1435
0.745
86.025
403.6
834.25
1017
1352.5
1525.5
1460.5
656.9
419.05
151.1
89.275
3.705
0.0745
0.0775
0.098
0.094
0.0575
0.1135
0.082
0.0915
0.0635
0.043
0.0635
0.69
84.74
250.6
466.25
1028
995.5
549.3
487.05
1260.5
514.65
444.95
109.15
4.838
0.0865
0.0505
0.079
0.093
0.061
0.083
0.1015
0.0765
0.054
0.08
0.1045
0.5275
76.41
419.6
550.8
1057.5
1425
1144.5
1180
1237
913
305.35
268.05
17.8955
0.085
0.0755
0.0785
0.0755
0.097
0.0755
0.0525
0.053
0.1015
0.068
0.049
0.4215
40.905
237.8
735.25
1023
1333
1284.5
1286
516.6
385.4
294.4
222
10.682
0.064
0.045
0.085
0.067
0.068
0.1195
0.094
0.073
0.0845
0.0625
0.062
0.42
71.615
404.9
695.65
1099
1346.5
1329
1344
1196
427.9
270.1
94.26
5.6705
0.0755
0.0675
0.0175
0.069
0.0725
0.0895
0.0645
0.083
0.0605
0.0705
0.0865
0.1335
26.93
299.2
712.8
1211.5
1300
1123
1464.5
964.8
1135
739.45
273.9
13.088
0.085
0.0485
0.054
0.064
0.0465
0.058
0.0515
0.0665
0.05
0.0345
0.0615
0.428
92.505
463.45
871.85
1200.5
1445
1547
1518.5
1368.5
1091
715.6
284.2
11.2005
0.015
0.0515
0.0465
0.0435
0.0625
0.0335
0.0455
0.0705
0.031
0.0535
0.028
0.361
99.005
469.05
858.65
902.5
1432.5
1509.5
1515.5
1278
1053
594
150.35
10.8345
0.072
0.068
0.0625
0.1065
0.107
0.0655
0.056
0.0775
0.077
0.0485
0.0495
0.251
83.32
424.75
823.8
1169.5
1404
1581.5
1380
1014
766.4
514.85
170.7
7.7345
0.057
0.1015
0.0855
0.0475
0.058
0.067
0.0375
0.0855
0.057
0.056
0.083
0.196
44.09
263.45
792.45
1147
1392.5
1354.5
1097.5
943.5
414.55
330.25
108.975
8.117
0.07
0.069
0.061
0.0515
0.066
0.0885
0.07
0.041
0.041
0.0315
0.058
0.139
62.13
381.75
722.1
1093.5
1349.5
1306
1444
1294
1031.5
538.1
120.25
6.5425
0.054
0.005
0.0475
0.0905
0.042
0.058
0.0765
0.0475
0.0735
0.071
0.1065
0.143
60.47
361.15
749.25
1095
1337.5
1444.5
1378.5
1260.5
976.5
471.85
39.895
5.25
0.073
0.041
0.071
0.0805
0.071
0.0795
0.045
0.0425
0.046
0.052
0.082
0.092
53.48
332.5
738.8
1080
1316.5
1426
1394.5
1223.5
956
541.5
112.15
4.6435
0.0525
0.0735
0.0485
0.0765
0.055
0.071
0.0585
0.0405
0.0785
0.032
0.04
0.1085
59.135
355.2
731.35
1049
1329.5
1362.5
1440.5
1298
1012.5
430.75
138.135
3.6955
0.028
-0.012
0.178
0.097
0.07