-53.48061178
-50.34487296
-43.17706046
-33.54369413
-22.57182104
-10.92801728
1.337368512
12.88008891
24.28196507
34.83695867
43.76937699
49.86037428
51.6659026
48.6057563
41.61462492
32.14825018
21.29949394
9.757832338
-1.512937068
-14.1248137
-25.6728319
-36.42078805
-45.60585611
-51.95311515
-53.86569533
-50.67602582
-43.44479917
-33.76219327
-22.75894214
-11.09898343
1.186879498
12.70452376
24.08382844
34.60146307
43.48039577
49.51014887
51.27324643
48.21112227
41.24453231
31.80631788
20.97933716
9.452469909
-1.875956178
-14.43328107
-25.99479211
-36.76569843
-45.98053584
-52.35050707
-54.25050947
-51.00638632
-43.71154376
-33.97995498
-22.94577583
-11.2701537
1.037013257
12.52785057
23.88417132
34.36421126
43.18979724
49.15903807
50.88063226
47.81684345
40.8747095
31.46464808
20.65959269
9.147874049
-2.269942045
-14.74065075
-26.31549105
-37.10934845
-46.35425285
-52.74746177
-54.63495967
-51.33588356
-43.97725507
-34.19696671
-23.13232501
-11.44153723
0.887852646
12.35006988
23.68300837
34.1252427
42.89765365
48.80714063
50.48816922
47.42304309
40.50529295
31.12338118
20.34040072
8.844194668
-2.680434703
-15.04678061
-26.63478212
-37.45158727
-46.72686012
-53.14385565
-55.01895138
-51.66444697
-44.24189438
-34.41321585
-23.31859172
-11.61314161
0.739473766
12.17118517
23.48035766
33.88460052
42.60404046
48.45455722
50.09596718
47.02984405
40.13641811
30.78265635
20.02190021
8.541581348
-3.09107786
-15.35152995
-26.9525199
-37.79226475
-47.09821063
-53.53956487
-55.40239027
-51.99200655
-44.50542356
-34.62868981
-23.50457729
-11.78497294
0.591936646
11.99120282
23.27624058
33.64233139
42.30903615
48.10139024
49.70413651
46.63736862
39.76821922
30.44261144
19.70422869
8.240183284
-3.489849822
-15.65475966
-27.26856043
-38.13123169
-47.4681575
-53.93446544
-55.78518227
-52.31849286
-44.76780504
-34.84337598
-23.6902822
-11.95703574
0.445271805
11.81013217
23.07068193
33.39848551
42.01272214
47.74774371
49.312788
46.24573849
39.40082927
30.10338277
19.38752207
7.940149208
-3.871045291
-15.95633248
-27.5827614
-38.46834004
-47.83655414
-54.32843326
-56.16723352
-52.64383699
-45.02900169
-35.0572615
-23.87570588
-12.12933268
0.299461118
11.62798575
22.86371004
33.15311672
41.71518285
47.39372328
48.92203287
45.85507463
39.03437983
29.76510501
19.0719145
7.641627331
-4.233892958
-16.25611321
-27.89498241
-38.80344312
-48.2032544
-54.72134411
-56.54845034
-52.96797032
-45.28897654
-35.27033297
-24.06084641
-12.30186435
0.154411116
11.44477953
22.65535701
32.90628265
41.41650579
47.03943628
48.53198279
45.46549739
38.66900106
29.42791109
18.7575382
7.344765366
-4.580431058
-16.55396885
-28.20508508
-39.13639571
-48.56811259
-55.11307361
-56.92873902
-53.29082437
-45.54769259
-35.48257626
-24.24570029
-12.47462899
0.009916808
11.2605331
22.44565884
32.65804484
41.11678161
46.68499183
48.14275
45.07712653
38.30482177
29.09193226
18.44452353
7.049710723
-4.915753035
-16.84976864
-28.51293309
-39.46705409
-48.93098343
-55.50349706
-57.30800565
-53.61233064
-45.80511263
-35.69397635
-24.43026231
-12.64762244
-0.134385384
11.07526969
22.23465548
32.40846871
40.81610412
46.33050086
47.75444743
44.69008148
37.9419697
28.75729831
18.13299922
6.756610943
-5.220399651
-17.14338382
-28.81839196
-39.79527577
-49.29172178
-55.8924891
-57.68615592
-53.93242046
-46.06119927
-35.90451734
-24.61452564
-12.82083818
-0.279075426
10.88901616
22.02239069
32.15762347
40.51457021
45.9760762
47.36718898
44.30448174
37.58057195
28.42413808
17.82309282
6.46561439
-5.509704255
-17.43468713
-29.1213286
-40.12091912
-49.65018226
-56.27992337
-58.06309488
-54.25102509
-46.31591504
-36.11418269
-24.79848209
-12.99426767
-0.425014697
10.70180254
21.80891167
31.90558183
40.21227963
45.6218325
46.98108967
43.92044724
37.2207555
28.09258002
17.51493136
6.176871113
-5.796829753
-17.7235523
-29.4216107
-40.44384278
-50.00621873
-56.66567214
-58.43872689
-54.56807589
-46.56922287
-36.32295578
-24.98212267
-13.16790098
-0.573408616
10.51366148
21.5942685
31.65241931
39.90933447
45.26788599
46.59626567
43.53809862
36.86264768
27.76275276
17.20864191
5.890533781
-6.081652407
-18.0098533
-29.71910622
-40.76390522
-50.35968394
-57.04960612
-58.81295592
-54.88350504
-46.82108687
-36.53082075
-25.1654386
-13.34172774
-0.725847983
10.32462726
21.37851306
31.39821337
39.60583832
44.91435384
46.212834
43.15755728
36.50637647
27.43478558
16.90435218
5.606758555
-6.364048073
-18.29346382
-30.0136828
-41.08096428
-50.71042931
-57.43159464
-59.18568609
-55.19724652
-47.07147361
-36.73776385
-25.34842255
-13.51573847
-0.884298776
10.13473443
21.16169777
31.14304207
39.3018951
44.5613532
45.83091188
42.77894512
36.15207051
27.10880862
16.60219086
5.325705868
-6.64389172
-18.5742568
-30.30520739
-41.39487697
-51.05830491
-57.81150589
-59.55682267
-55.50923747
-47.3203535
-36.94377478
-25.53107009
-13.68992596
-1.051001526
9.944016465
20.94387412
30.88698267
38.9976077
44.2090001
45.45061598
42.40238408
35.79985898
26.78495298
16.30228786
5.047541075
-6.921057091
-18.85210409
-30.59354601
-41.70549934
-51.40315956
-58.18920744
-59.92627298
-55.81941949
-47.56770213
-37.1488481
-25.71338096
-13.86428661
-1.228245042
9.752504494
20.72509144
30.63011039
38.69307684
43.85740846
45.07206171
42.02799574
35.44987143
26.46335069
16.00477437
4.772435003
-7.195416496
-19.12687627
-30.87856358
-42.0126864
-51.74484088
-58.56456655
-60.29394724
-56.12773967
-47.81350137
-37.35298414
-25.89536007
-14.03882134
-1.418007377
9.560226422
20.50539597
30.37249752
38.3884003
43.50668946
44.69536266
41.65590094
35.10223753
26.14413465
15.7097829
4.500564416
-7.466840736
-19.39844255
-31.16012386
-42.31629209
-52.08319539
-58.9374503
-60.65975894
-56.43415113
-48.05773976
-37.55618946
-26.07701775
-14.21353583
-1.621514632
9.367206703
20.28483066
30.11421323
38.08367266
43.1569514
44.32063057
41.28621974
34.75708705
25.82743853
15.41744714
4.23211237
-7.73519916
-19.66667082
-31.43808949
-42.61616938
-52.41806842
-59.3077255
-61.02362478
-56.73861293
-48.30041236
-37.75847648
-26.25836951
-14.38844025
-1.838838443
9.173466749
20.06343554
29.85532395
37.7789858
42.80830007
43.94797557
40.91907151
34.41454979
25.51339666
15.12790188
3.96726846
-8.000359882
-19.93142787
-31.71232219
-42.91217029
-52.74930409
-59.6752583
-61.38546414
-57.04108941
-48.5415199
-37.95986264
-26.43943504
-14.56354825
-2.068691014
8.979025932
19.84124868
29.59589434
37.47442975
42.46083959
43.57750679
40.55457526
34.07475572
25.20214391
14.84128264
3.706228918
-8.262190158
-20.19257979
-31.9826831
-43.20414618
-53.07674526
-60.03991372
-61.74519827
-57.34154906
-48.78106749
-38.16036898
-26.62023681
-14.73887554
-2.308535119
8.78390303
19.61830766
29.33598866
37.170094
42.11467347
43.20933311
40.19284998
33.7378349
24.89381546
14.55772536
3.449196527
-8.520556943
-20.44999252
-32.24903328
-43.49194815
-53.40023363
-60.40155519
-62.10274923
-57.63996321
-49.01906307
-38.36001852
-26.80079841
-14.91443824
-2.55500452
8.588117877
19.39465111
29.07567227
36.86606887
41.76990573
42.84356388
39.834015
33.40391753
24.58854647
14.2773658
3.196380343
-8.775327599
-20.70353254
-32.51123443
-43.77542756
-53.71960997
-60.76004412
-62.45803899
-57.93630464
-49.25551581
-38.55883461
-26.98114293
-15.09025121
-2.804495176
8.391692949
19.17032024
28.81501304
36.56244672
41.4266419
42.48030953
39.47819013
33.07313369
24.28647163
14.00033898
2.947995214
-9.026370677
-20.95306775
-32.76914967
-44.05443678
-54.03471461
-61.11523983
-62.81098867
-58.23054649
-49.49043485
-38.75683955
-27.16129148
-15.26632672
-3.053727182
8.194654661
18.94535999
28.5540824
36.25932281
41.08498959
42.11968185
39.12549561
32.74561307
23.98772466
13.7267785
2.704261104
-9.273556707
-21.19846824
-33.02264435
-44.32882993
-54.34538792
-61.46699955
-63.16151809
-58.52266151
-49.72382833
-38.95405362
-27.34126232
-15.44267347
-3.300122865
7.997034214
18.71981982
28.29295594
35.95679579
40.74505873
41.76179397
38.77605194
32.42148461
23.69243781
13.45681595
2.465402199
-9.516758872
-21.439607
-33.27158676
-44.59846358
-54.65147101
-61.81517869
-63.50954572
-58.81262171
-49.95570291
-39.15049453
-27.52107031
-15.61929614
-3.541951186
7.798867977
18.49375391
28.03171356
35.65496764
40.40696149
41.40676015
38.42997952
32.10087606
23.40074143
13.19058045
2.231645679
-9.755853532
-21.67636044
-33.51584872
-44.86319738
-54.95280628
-62.15963121
-63.85498876
-59.10039841
-50.18606373
-39.34617735
-27.70072676
-15.7961953
-3.778280972
7.600197498
18.26722108
27.77043926
35.35394347
40.07081193
41.05469547
38.08739834
31.78391372
23.11276362
12.9281983
2.003219971
-9.990720558
-21.9086088
-33.75530597
-45.12289453
-55.24923789
-62.50020996
-64.19776339
-59.38596233
-50.41491448
-39.54111458
-27.88023965
-15.97336758
-4.008826807
7.401069303
18.04028449
27.50922082
35.05383109
39.73672562
40.70571538
37.74842768
31.47072212
22.82863004
12.66979278
1.780352148
-10.22124351
-22.1362363
-33.9898384
-45.37742207
-55.54061221
-62.83676692