north:     0
south:           0.00000000
east:      0
west:            0.00000000
rows:     50
cols:     11
   0.999999974738E-04   0.999999974738E-04   0.999999974738E-04   0.999999974738E-04   0.999999974738E-04   0.999999974738E-04   0.999999974738E-04   0.999999974738E-04   0.999999974738E-04   0.999999974738E-04   0.999999974738E-04
   0.349999987520E-02   0.359999993816E-02   0.370000000112E-02   0.379999983124E-02   0.389999989420E-02   0.399999972433E-02   0.389999989420E-02   0.379999983124E-02   0.370000000112E-02   0.359999993816E-02   0.349999987520E-02
   0.499999988824E-02   0.499999988824E-02   0.499999988824E-02   0.499999988824E-02   0.499999988824E-02   0.499999988824E-02   0.499999988824E-02   0.499999988824E-02   0.499999988824E-02   0.499999988824E-02   0.499999988824E-02
   0.499999988824E-02   0.499999988824E-02   0.499999988824E-02   0.499999988824E-02   0.499999988824E-02   0.499999988824E-02   0.499999988824E-02   0.499999988824E-02   0.499999988824E-02   0.499999988824E-02   0.499999988824E-02
   0.499999988824E-02   0.499999988824E-02   0.499999988824E-02   0.499999988824E-02   0.499999988824E-02   0.499999988824E-02   0.499999988824E-02   0.499999988824E-02   0.499999988824E-02   0.499999988824E-02   0.499999988824E-02
   0.499999988824E-02   0.499999988824E-02   0.499999988824E-02   0.499999988824E-02   0.499999988824E-02   0.499999988824E-02   0.499999988824E-02   0.499999988824E-02   0.499999988824E-02   0.499999988824E-02   0.499999988824E-02
   0.499999988824E-02   0.499999988824E-02   0.499999988824E-02   0.499999988824E-02   0.499999988824E-02   0.499999988824E-02   0.499999988824E-02   0.499999988824E-02   0.499999988824E-02   0.499999988824E-02   0.499999988824E-02
   0.499999988824E-02   0.499999988824E-02   0.499999988824E-02   0.499999988824E-02   0.499999988824E-02   0.499999988824E-02   0.499999988824E-02   0.499999988824E-02   0.499999988824E-02   0.499999988824E-02   0.499999988824E-02
   0.499999988824E-02   0.499999988824E-02   0.499999988824E-02   0.499999988824E-02   0.499999988824E-02   0.499999988824E-02   0.499999988824E-02   0.499999988824E-02   0.499999988824E-02   0.499999988824E-02   0.499999988824E-02
   0.499999988824E-02   0.499999988824E-02   0.499999988824E-02   0.499999988824E-02   0.499999988824E-02   0.499999988824E-02   0.499999988824E-02   0.499999988824E-02   0.499999988824E-02   0.499999988824E-02   0.499999988824E-02
   0.499999988824E-02   0.499999988824E-02   0.499999988824E-02   0.499999988824E-02   0.499999988824E-02   0.499999988824E-02   0.499999988824E-02   0.499999988824E-02   0.499999988824E-02   0.499999988824E-02   0.499999988824E-02
   0.499999988824E-02   0.499999988824E-02   0.499999988824E-02   0.499999988824E-02   0.499999988824E-02   0.499999988824E-02   0.499999988824E-02   0.499999988824E-02   0.499999988824E-02   0.499999988824E-02   0.499999988824E-02
   0.499999988824E-02   0.499999988824E-02   0.499999988824E-02   0.499999988824E-02   0.499999988824E-02   0.499999988824E-02   0.499999988824E-02   0.499999988824E-02   0.499999988824E-02   0.499999988824E-02   0.499999988824E-02
   0.499999988824E-02   0.499999988824E-02   0.499999988824E-02   0.499999988824E-02   0.499999988824E-02   0.499999988824E-02   0.499999988824E-02   0.499999988824E-02   0.499999988824E-02   0.499999988824E-02   0.499999988824E-02
   0.499999988824E-02   0.499999988824E-02   0.499999988824E-02   0.499999988824E-02   0.499999988824E-02   0.499999988824E-02   0.499999988824E-02   0.499999988824E-02   0.499999988824E-02   0.499999988824E-02   0.499999988824E-02
   0.499999988824E-02   0.499999988824E-02   0.499999988824E-02   0.499999988824E-02   0.499999988824E-02   0.499999988824E-02   0.499999988824E-02   0.499999988824E-02   0.499999988824E-02   0.499999988824E-02   0.499999988824E-02
   0.499999988824E-02   0.499999988824E-02   0.499999988824E-02   0.499999988824E-02   0.499999988824E-02   0.499999988824E-02   0.499999988824E-02   0.499999988824E-02   0.499999988824E-02   0.499999988824E-02   0.499999988824E-02
   0.499999988824E-02   0.499999988824E-02   0.499999988824E-02   0.499999988824E-02   0.499999988824E-02   0.499999988824E-02   0.499999988824E-02   0.499999988824E-02   0.499999988824E-02   0.499999988824E-02   0.499999988824E-02
   0.499999988824E-02   0.499999988824E-02   0.499999988824E-02   0.499999988824E-02   0.499999988824E-02   0.499999988824E-02   0.499999988824E-02   0.499999988824E-02   0.499999988824E-02   0.499999988824E-02   0.499999988824E-02
   0.499999988824E-02   0.499999988824E-02   0.499999988824E-02   0.499999988824E-02   0.499999988824E-02   0.499999988824E-02   0.499999988824E-02   0.499999988824E-02   0.499999988824E-02   0.499999988824E-02   0.499999988824E-02
   0.499999988824E-02   0.499999988824E-02   0.499999988824E-02   0.499999988824E-02   0.499999988824E-02   0.499999988824E-02   0.499999988824E-02   0.499999988824E-02   0.499999988824E-02   0.499999988824E-02   0.499999988824E-02
   0.499999988824E-02   0.499999988824E-02   0.499999988824E-02   0.499999988824E-02   0.499999988824E-02   0.499999988824E-02   0.499999988824E-02   0.499999988824E-02   0.499999988824E-02   0.499999988824E-02   0.499999988824E-02
   0.499999988824E-02   0.499999988824E-02   0.499999988824E-02   0.499999988824E-02   0.499999988824E-02   0.499999988824E-02   0.499999988824E-02   0.499999988824E-02   0.499999988824E-02   0.499999988824E-02   0.499999988824E-02
   0.499999988824E-02   0.499999988824E-02   0.499999988824E-02   0.499999988824E-02   0.499999988824E-02   0.499999988824E-02   0.499999988824E-02   0.499999988824E-02   0.499999988824E-02   0.499999988824E-02   0.499999988824E-02
   0.499999988824E-02   0.499999988824E-02   0.499999988824E-02   0.499999988824E-02   0.499999988824E-02   0.499999988824E-02   0.499999988824E-02   0.499999988824E-02   0.499999988824E-02   0.499999988824E-02   0.499999988824E-02
   0.499999988824E-02   0.499999988824E-02   0.499999988824E-02   0.499999988824E-02   0.499999988824E-02   0.499999988824E-02   0.499999988824E-02   0.499999988824E-02   0.499999988824E-02   0.499999988824E-02   0.499999988824E-02
   0.499999988824E-02   0.499999988824E-02   0.499999988824E-02   0.499999988824E-02   0.499999988824E-02   0.499999988824E-02   0.499999988824E-02   0.499999988824E-02   0.499999988824E-02   0.499999988824E-02   0.499999988824E-02
   0.499999988824E-02   0.499999988824E-02   0.499999988824E-02   0.499999988824E-02   0.499999988824E-02   0.499999988824E-02   0.499999988824E-02   0.499999988824E-02   0.499999988824E-02   0.499999988824E-02   0.499999988824E-02
   0.499999988824E-02   0.499999988824E-02   0.499999988824E-02   0.499999988824E-02   0.499999988824E-02   0.499999988824E-02   0.499999988824E-02   0.499999988824E-02   0.499999988824E-02   0.499999988824E-02   0.499999988824E-02
   0.499999988824E-02   0.499999988824E-02   0.499999988824E-02   0.499999988824E-02   0.499999988824E-02   0.499999988824E-02   0.499999988824E-02   0.499999988824E-02   0.499999988824E-02   0.499999988824E-02   0.499999988824E-02
   0.499999988824E-02   0.499999988824E-02   0.499999988824E-02   0.499999988824E-02   0.499999988824E-02   0.499999988824E-02   0.499999988824E-02   0.499999988824E-02   0.499999988824E-02   0.499999988824E-02   0.499999988824E-02
   0.499999988824E-02   0.499999988824E-02   0.499999988824E-02   0.499999988824E-02   0.499999988824E-02   0.499999988824E-02   0.499999988824E-02   0.499999988824E-02   0.499999988824E-02   0.499999988824E-02   0.499999988824E-02
   0.499999988824E-02   0.499999988824E-02   0.499999988824E-02   0.499999988824E-02   0.499999988824E-02   0.499999988824E-02   0.499999988824E-02   0.499999988824E-02   0.499999988824E-02   0.499999988824E-02   0.499999988824E-02
   0.499999988824E-02   0.499999988824E-02   0.499999988824E-02   0.499999988824E-02   0.499999988824E-02   0.499999988824E-02   0.499999988824E-02   0.499999988824E-02   0.499999988824E-02   0.499999988824E-02   0.499999988824E-02
   0.499999988824E-02   0.499999988824E-02   0.499999988824E-02   0.499999988824E-02   0.499999988824E-02   0.499999988824E-02   0.499999988824E-02   0.499999988824E-02   0.499999988824E-02   0.499999988824E-02   0.499999988824E-02
   0.499999988824E-02   0.499999988824E-02   0.499999988824E-02   0.499999988824E-02   0.499999988824E-02   0.499999988824E-02   0.499999988824E-02   0.499999988824E-02   0.499999988824E-02   0.499999988824E-02   0.499999988824E-02
   0.499999988824E-02   0.499999988824E-02   0.499999988824E-02   0.499999988824E-02   0.499999988824E-02   0.499999988824E-02   0.499999988824E-02   0.499999988824E-02   0.499999988824E-02   0.499999988824E-02   0.499999988824E-02
   0.499999988824E-02   0.499999988824E-02   0.499999988824E-02   0.499999988824E-02   0.499999988824E-02   0.499999988824E-02   0.499999988824E-02   0.499999988824E-02   0.499999988824E-02   0.499999988824E-02   0.499999988824E-02
   0.499999988824E-02   0.499999988824E-02   0.499999988824E-02   0.499999988824E-02   0.499999988824E-02   0.499999988824E-02   0.499999988824E-02   0.499999988824E-02   0.499999988824E-02   0.499999988824E-02   0.499999988824E-02
   0.499999988824E-02   0.499999988824E-02   0.499999988824E-02   0.499999988824E-02   0.499999988824E-02   0.499999988824E-02   0.499999988824E-02   0.499999988824E-02   0.499999988824E-02   0.499999988824E-02   0.499999988824E-02
   0.499999988824E-02   0.499999988824E-02   0.499999988824E-02   0.499999988824E-02   0.499999988824E-02   0.499999988824E-02   0.499999988824E-02   0.499999988824E-02   0.499999988824E-02   0.499999988824E-02   0.499999988824E-02
   0.499999988824E-02   0.499999988824E-02   0.499999988824E-02   0.499999988824E-02   0.499999988824E-02   0.499999988824E-02   0.499999988824E-02   0.499999988824E-02   0.499999988824E-02   0.499999988824E-02   0.499999988824E-02
   0.499999988824E-02   0.499999988824E-02   0.499999988824E-02   0.499999988824E-02   0.499999988824E-02   0.499999988824E-02   0.499999988824E-02   0.499999988824E-02   0.499999988824E-02   0.499999988824E-02   0.499999988824E-02
   0.499999988824E-02   0.499999988824E-02   0.499999988824E-02   0.499999988824E-02   0.499999988824E-02   0.499999988824E-02   0.499999988824E-02   0.499999988824E-02   0.499999988824E-02   0.499999988824E-02   0.499999988824E-02
   0.499999988824E-02   0.499999988824E-02   0.499999988824E-02   0.499999988824E-02   0.499999988824E-02   0.499999988824E-02   0.499999988824E-02   0.499999988824E-02   0.499999988824E-02   0.499999988824E-02   0.499999988824E-02
   0.499999988824E-02   0.499999988824E-02   0.499999988824E-02   0.499999988824E-02   0.499999988824E-02   0.499999988824E-02   0.499999988824E-02   0.499999988824E-02   0.499999988824E-02   0.499999988824E-02   0.499999988824E-02
   0.499999988824E-02   0.499999988824E-02   0.499999988824E-02   0.499999988824E-02   0.499999988824E-02   0.499999988824E-02   0.499999988824E-02   0.499999988824E-02   0.499999988824E-02   0.499999988824E-02   0.499999988824E-02
   0.499999988824E-02   0.499999988824E-02   0.499999988824E-02   0.499999988824E-02   0.499999988824E-02   0.499999988824E-02   0.499999988824E-02   0.499999988824E-02   0.499999988824E-02   0.499999988824E-02   0.499999988824E-02
   0.499999988824E-02   0.499999988824E-02   0.499999988824E-02   0.499999988824E-02   0.499999988824E-02   0.499999988824E-02   0.499999988824E-02   0.499999988824E-02   0.499999988824E-02   0.499999988824E-02   0.499999988824E-02
   0.499999988824E-02   0.499999988824E-02   0.499999988824E-02   0.499999988824E-02   0.499999988824E-02   0.499999988824E-02   0.499999988824E-02   0.499999988824E-02   0.499999988824E-02   0.499999988824E-02   0.499999988824E-02
