           7           7   6.6666666666653409E-003
          12          12   6.6666666666677079E-003
          87          87   6.6666666666653409E-003
          88          88   6.6666666666665248E-003
          90          90   6.6666666666635637E-003
          91          91   6.6666666666665248E-003
          93          93   6.6666666666659316E-003
         102         102   6.6666666666671164E-003
         104         104   6.6666666666677088E-003
         131         131   5.8333333333327655E-003
         132         132   4.1666666666676138E-003
         133         133   3.3333333333326700E-003
         134         134   3.3333333333326700E-003
         135         135   4.1666666666670214E-003
         136         136   6.6666666666647476E-003
         137         137   3.3333333333332620E-003
         138         138   3.3333333333326696E-003
         139         139   3.3333333333314856E-003
         140         140   3.3333333333338544E-003
         141         141   6.6666666666665240E-003
         142         142   3.3333333333350383E-003
         143         143   3.3333333333332620E-003
         144         144   3.3333333333338540E-003
         145         145   3.3333333333326700E-003
         146         146   6.6666666666653400E-003
         147         147   3.3333333333326696E-003
         148         148   3.3333333333320776E-003
         149         149   3.3333333333332620E-003
         150         150   3.3333333333344459E-003
         151         151   6.6666666666659324E-003
         152         152   3.3333333333338540E-003
         153         153   3.3333333333338544E-003
         154         154   3.3333333333320776E-003
         155         155   3.3333333333332620E-003
         156         156   6.6666666666671164E-003
         157         157   3.3333333333332620E-003
         158         158   3.3333333333338544E-003
         159         159   3.3333333333326696E-003
         160         160   3.3333333333350383E-003
