100  216  80                          NENS NOBS NENSMIN
5.0 100.0 5.0 5.0 0.0 10.0 100.0   DSRETC DSKS DSSTOR DSPOROS DSSURF DSIC DSATM 
60 3.00                              NEFFMIN DSMEASMAX
3.0 4.86 1000.0 20.0                  PSISTAR QSTAR ATMTAU DTOUT
18714177                            ISEED  (original: -18784178)
16                                ENKFT
9.00673773e+002 1.80067377E+03
2.70067377E+03 3.60067377E+03
4.50067377E+03 5.40067377E+03
6.30067377E+03 7.20067377E+03
8.10067377E+03 9.00067377E+03 
9.90067377E+03 1.08006738E+04
1.17006738E+04 1.26006738E+04
1.35006738E+04 1.4400000e+004     ENKFTIM   (1,...,ENKFT)
85 1
92 1
99 1
106 1
113 1
120 1
127 1
134 1
141 1
148 1
155 1
162 1
577 1
584 1
591 1
598 1
605 1
612 1
619 1
626 1
633 1
640 1
647 1
654 1
1069 1
1076 1
1083 1
1090 1
1097 1
1104 1
1111 1
1118 1
1125 1
1132 1
1139 1
1146 1
1561 1
1568 1
1575 1
1582 1
1589 1
1596 1
1603 1
1610 1
1617 1
1624 1
1631 1
1638 1
2053 1
2060 1
2067 1
2074 1
2081 1
2088 1
2095 1
2102 1
2109 1
2116 1
2123 1
2130 1
2545 1
2552 1
2559 1
2566 1
2573 1
2580 1
2587 1
2594 1
2601 1
2608 1
2615 1
2622 1
3037 1
3044 1
3051 1
3058 1
3065 1
3072 1
3079 1
3086 1
3093 1
3100 1
3107 1
3114 1
3529 1
3536 1
3543 1
3550 1
3557 1
3564 1
3571 1
3578 1
3585 1
3592 1
3599 1
3606 1
4021 1
4028 1
4035 1
4042 1
4049 1
4056 1
4063 1
4070 1
4077 1
4084 1
4091 1
4098 1
25177 1
25184 1
25191 1
25198 1
25205 1
25212 1
25219 1
25226 1
25233 1
25240 1
25247 1
25254 1
25669 1
25676 1
25683 1
25690 1
25697 1
25704 1
25711 1
25718 1
25725 1
25732 1
25739 1
25746 1
26161 1
26168 1
26175 1
26182 1
26189 1
26196 1
26203 1
26210 1
26217 1
26224 1
26231 1
26238 1
26653 1
26660 1
26667 1
26674 1
26681 1
26688 1
26695 1
26702 1
26709 1
26716 1
26723 1
26730 1
27145 1
27152 1
27159 1
27166 1
27173 1
27180 1
27187 1
27194 1
27201 1
27208 1
27215 1
27222 1
27637 1
27644 1
27651 1
27658 1
27665 1
27672 1
27679 1
27686 1
27693 1
27700 1
27707 1
27714 1
28129 1
28136 1
28143 1
28150 1
28157 1
28164 1
28171 1
28178 1
28185 1
28192 1
28199 1
28206 1
28621 1
28628 1
28635 1
28642 1
28649 1
28656 1
28663 1
28670 1
28677 1
28684 1
28691 1
28698 1
29113 1
29120 1
29127 1
29134 1
29141 1
29148 1
29155 1
29162 1
29169 1
29176 1
29183 1
29190 1
3.0 DSMEAS
  -1.1416620000000000e-01  -1.1322309999999999e-01  -1.1322309999999999e-01  -1.1322309999999999e-01  -1.1322309999999999e-01  -1.1310170000000000e-01  -1.0987900000000000e-01  -1.0994429999999999e-01  -1.0994429999999999e-01  -1.0994429999999999e-01  -1.0994429999999999e-01  -1.1281900000000000e-01  -1.1484510000000001e-01  -1.1373270000000001e-01  -1.1373270000000001e-01  -1.1373270000000001e-01  -1.1373270000000001e-01  -1.1397870000000000e-01  -1.1382500000000000e-01  -1.1373270000000001e-01  -1.1373270000000001e-01  -1.1373270000000001e-01  -1.1373270000000001e-01  -1.1644480000000000e-01  -1.1484510000000001e-01  -1.1373270000000001e-01  -1.1373270000000001e-01  -1.1373270000000001e-01  -1.1373270000000001e-01  -1.1424280000000001e-01  -1.1400739999999999e-01  -1.1373270000000001e-01  -1.1373270000000001e-01  -1.1373270000000001e-01  -1.1373270000000001e-01  -1.1644480000000000e-01  -1.1484510000000001e-01  -1.1373270000000001e-01  -1.1373270000000001e-01  -1.1373270000000001e-01  -1.1373270000000001e-01  -1.1441540000000000e-01  -1.1414700000000000e-01  -1.1373270000000001e-01  -1.1373270000000001e-01  -1.1373270000000001e-01  -1.1373270000000001e-01  -1.1644480000000000e-01  -1.1484510000000001e-01  -1.1373270000000001e-01  -1.1373270000000001e-01  -1.1373270000000001e-01  -1.1373270000000001e-01  -1.1449529999999999e-01  -1.1424790000000000e-01  -1.1373270000000001e-01  -1.1373270000000001e-01  -1.1373270000000001e-01  -1.1373270000000001e-01  -1.1644480000000000e-01  -1.1484510000000001e-01  -1.1373270000000001e-01  -1.1373270000000001e-01  -1.1373270000000001e-01  -1.1373270000000001e-01  -1.1428000000000001e-01  -1.1428980000000000e-01  -1.1373270000000001e-01  -1.1373270000000001e-01  -1.1373270000000001e-01  -1.1373270000000001e-01  -1.1644480000000000e-01  -1.1484510000000001e-01  -1.1373270000000001e-01  -1.1373270000000001e-01  -1.1373270000000001e-01  -1.1373270000000001e-01  -1.1427250000000000e-01  -1.1432980000000000e-01  -1.1373270000000001e-01  -1.1373270000000001e-01  -1.1373270000000001e-01  -1.1373270000000001e-01  -1.1644480000000000e-01  -1.1484510000000001e-01  -1.1373270000000001e-01  -1.1373270000000001e-01  -1.1373270000000001e-01  -1.1373270000000001e-01  -1.1222150000000000e-01  -1.1430700000000001e-01  -1.1373270000000001e-01  -1.1373270000000001e-01  -1.1373270000000001e-01  -1.1373270000000001e-01  -1.1644480000000000e-01  -1.1535869999999999e-01  -1.1413590000000000e-01  -1.1413590000000000e-01  -1.1413590000000000e-01  -1.1413590000000000e-01  -1.1333900000000000e-01  -1.1585040000000001e-01  -1.1647250000000001e-01  -1.1647250000000001e-01  -1.1647250000000001e-01  -1.1647250000000001e-01  -1.1848700000000000e-01   2.7114340000000001e+00   2.7119300000000002e+00   2.7119300000000002e+00   2.7119300000000002e+00   2.7119300000000002e+00   2.7119930000000001e+00   2.7171720000000001e+00   2.7171409999999998e+00   2.7171409999999998e+00   2.7171409999999998e+00   2.7171409999999998e+00   2.7154370000000001e+00   2.7127789999999998e+00   2.7133569999999998e+00   2.7133569999999998e+00   2.7133569999999998e+00   2.7133569999999998e+00   2.7132170000000002e+00   2.7133110000000000e+00   2.7133569999999998e+00   2.7133569999999998e+00   2.7133569999999998e+00   2.7133569999999998e+00   2.7117160000000000e+00   2.7127789999999998e+00   2.7133569999999998e+00   2.7133569999999998e+00   2.7133569999999998e+00   2.7133569999999998e+00   2.7130740000000002e+00   2.7132250000000000e+00   2.7133569999999998e+00   2.7133569999999998e+00   2.7133569999999998e+00   2.7133569999999998e+00   2.7117160000000000e+00   2.7127789999999998e+00   2.7133569999999998e+00   2.7133569999999998e+00   2.7133569999999998e+00   2.7133569999999998e+00   2.7129829999999999e+00   2.7131609999999999e+00   2.7133569999999998e+00   2.7133569999999998e+00   2.7133569999999998e+00   2.7133569999999998e+00   2.7117160000000000e+00   2.7127789999999998e+00   2.7133569999999998e+00   2.7133569999999998e+00   2.7133569999999998e+00   2.7133569999999998e+00   2.7129400000000001e+00   2.7131170000000000e+00   2.7133569999999998e+00   2.7133569999999998e+00   2.7133569999999998e+00   2.7133569999999998e+00   2.7117160000000000e+00   2.7127789999999998e+00   2.7133569999999998e+00   2.7133569999999998e+00   2.7133569999999998e+00   2.7133569999999998e+00   2.7129550000000000e+00   2.7130930000000002e+00   2.7133569999999998e+00   2.7133569999999998e+00   2.7133569999999998e+00   2.7133569999999998e+00   2.7117160000000000e+00   2.7127789999999998e+00   2.7133569999999998e+00   2.7133569999999998e+00   2.7133569999999998e+00   2.7133569999999998e+00   2.7130049999999999e+00   2.7130850000000000e+00   2.7133569999999998e+00   2.7133569999999998e+00   2.7133569999999998e+00   2.7133569999999998e+00   2.7117160000000000e+00   2.7127789999999998e+00   2.7133569999999998e+00   2.7133569999999998e+00   2.7133569999999998e+00   2.7133569999999998e+00   2.7132950000000000e+00   2.7130950000000000e+00   2.7133569999999998e+00   2.7133569999999998e+00   2.7133569999999998e+00   2.7133569999999998e+00   2.7117160000000000e+00   2.7139679999999999e+00   2.7146010000000000e+00   2.7146010000000000e+00   2.7146010000000000e+00   2.7146010000000000e+00   2.7142860000000000e+00   2.7100010000000001e+00   2.7100550000000001e+00   2.7100550000000001e+00   2.7100550000000001e+00   2.7100550000000001e+00   2.7088459999999999e+00
3.0  DSMEAS
   1.0367320000000001e-03   2.2585380000000000e-03   2.2797160000000002e-03   2.2574950000000000e-03   2.2478390000000002e-03   2.2453540000000002e-03   2.2456339999999998e-03   2.2498449999999999e-03   2.2595050000000002e-03   2.2809340000000001e-03   2.2844929999999999e-03   1.0118460000000001e-03   1.0472520000000000e-03   2.2783389999999999e-03   2.2838600000000000e-03   2.2592060000000001e-03   2.2494880000000000e-03   2.2797920000000001e-03   2.2441499999999999e-03   2.2494860000000002e-03   2.2591099999999999e-03   2.2792780000000000e-03   2.2316189999999998e-03   1.0692690000000001e-03   1.0472560000000001e-03   2.2783130000000001e-03   2.2838569999999998e-03   2.2592060000000001e-03   2.2494880000000000e-03   2.2708239999999998e-03   2.2861549999999998e-03   2.2494860000000002e-03   2.2591090000000000e-03   2.2792780000000000e-03   2.2316189999999998e-03   1.0692690000000001e-03   1.0472560000000001e-03   2.2783130000000001e-03   2.2838569999999998e-03   2.2592060000000001e-03   2.2494889999999999e-03   2.4415349999999999e-03   2.2616910000000001e-03   2.2494860000000002e-03   2.2591090000000000e-03   2.2792780000000000e-03   2.2316189999999998e-03   1.0692690000000001e-03   1.0472560000000001e-03   2.2783130000000001e-03   2.2838569999999998e-03   2.2592060000000001e-03   2.2495060000000001e-03   2.2704069999999999e-03   2.3010109999999999e-03   2.2494860000000002e-03   2.2591090000000000e-03   2.2792780000000000e-03   2.2316189999999998e-03   1.0692690000000001e-03   1.0472560000000001e-03   2.2783130000000001e-03   2.2838569999999998e-03   2.2592060000000001e-03   2.2495020000000000e-03   2.4590450000000000e-03   2.2565910000000001e-03   2.2494860000000002e-03   2.2591090000000000e-03   2.2792780000000000e-03   2.2316189999999998e-03   1.0692690000000001e-03   1.0472560000000001e-03   2.2783130000000001e-03   2.2838569999999998e-03   2.2592060000000001e-03   2.2494939999999999e-03   2.2522029999999999e-03   2.2463549999999998e-03   2.2494860000000002e-03   2.2591090000000000e-03   2.2792780000000000e-03   2.2316189999999998e-03   1.0692690000000001e-03   1.0474530000000001e-03   2.2779480000000001e-03   2.2838310000000001e-03   2.2592049999999998e-03   2.2495020000000000e-03   2.2457129999999999e-03   2.2498160000000000e-03   2.2494839999999999e-03   2.2591070000000002e-03   2.2792759999999998e-03   2.2316179999999999e-03   1.0692690000000001e-03   1.1274320000000000e-03   2.2650230000000001e-03   2.2943980000000000e-03   2.2627229999999999e-03   2.2526949999999999e-03   2.2826349999999999e-03   2.2771440000000000e-03   2.2587309999999999e-03   2.2690110000000000e-03   2.3044920000000000e-03   2.2379349999999999e-03   1.0714520000000001e-03   2.9902000000000002e+00   2.9909979999999998e+00   2.9909849999999998e+00   2.9909740000000000e+00   2.9909690000000002e+00   2.9909750000000002e+00   2.9945800000000000e+00   2.9945789999999999e+00   2.9945840000000001e+00   2.9945949999999999e+00   2.9946169999999999e+00   2.9937649999999998e+00   2.9921169999999999e+00   2.9929169999999998e+00   2.9928910000000002e+00   2.9928789999999998e+00   2.9928740000000000e+00   2.9929100000000002e+00   2.9928689999999998e+00   2.9928740000000000e+00   2.9928789999999998e+00   2.9928889999999999e+00   2.9928840000000001e+00   2.9920979999999999e+00   2.9921169999999999e+00   2.9929169999999998e+00   2.9928910000000002e+00   2.9928789999999998e+00   2.9928740000000000e+00   2.9929000000000001e+00   2.9929060000000001e+00   2.9928740000000000e+00   2.9928789999999998e+00   2.9928889999999999e+00   2.9928840000000001e+00   2.9920979999999999e+00   2.9921169999999999e+00   2.9929169999999998e+00   2.9928910000000002e+00   2.9928789999999998e+00   2.9928740000000000e+00   2.9930699999999999e+00   2.9928789999999998e+00   2.9928740000000000e+00   2.9928789999999998e+00   2.9928889999999999e+00   2.9928840000000001e+00   2.9920979999999999e+00   2.9921169999999999e+00   2.9929169999999998e+00   2.9928910000000002e+00   2.9928789999999998e+00   2.9928740000000000e+00   2.9929190000000001e+00   2.9929130000000002e+00   2.9928740000000000e+00   2.9928789999999998e+00   2.9928889999999999e+00   2.9928840000000001e+00   2.9920979999999999e+00   2.9921169999999999e+00   2.9929169999999998e+00   2.9928910000000002e+00   2.9928789999999998e+00   2.9928740000000000e+00   2.9931459999999999e+00   2.9928919999999999e+00   2.9928740000000000e+00   2.9928789999999998e+00   2.9928889999999999e+00   2.9928840000000001e+00   2.9920979999999999e+00   2.9921169999999999e+00   2.9929169999999998e+00   2.9928910000000002e+00   2.9928789999999998e+00   2.9928740000000000e+00   2.9929359999999998e+00   2.9928520000000001e+00   2.9928740000000000e+00   2.9928789999999998e+00   2.9928889999999999e+00   2.9928840000000001e+00   2.9920979999999999e+00   2.9921169999999999e+00   2.9929169999999998e+00   2.9928910000000002e+00   2.9928789999999998e+00   2.9928740000000000e+00   2.9929760000000001e+00   2.9928569999999999e+00   2.9928740000000000e+00   2.9928789999999998e+00   2.9928889999999999e+00   2.9928840000000001e+00   2.9920979999999999e+00   2.9938840000000000e+00   2.9946190000000001e+00   2.9945960000000000e+00   2.9945810000000002e+00   2.9945759999999999e+00   2.9946910000000000e+00   2.9910440000000000e+00   2.9909900000000000e+00   2.9909949999999998e+00   2.9910130000000001e+00   2.9910109999999999e+00   2.9902169999999999e+00
3.0  DSMEAS
   1.0776830000000001e-03   3.0399279999999999e-03   4.6121479999999999e-03   5.2193159999999999e-03   5.1223140000000002e-03   5.0664919999999997e-03   5.0668800000000002e-03   5.1240649999999997e-03   5.2323120000000002e-03   4.6284999999999998e-03   3.0402760000000002e-03   1.0458440000000000e-03   1.0862599999999999e-03   3.0363959999999998e-03   4.6194349999999999e-03   5.2382460000000002e-03   5.1253300000000000e-03   5.1010769999999999e-03   5.0655420000000001e-03   5.1233260000000001e-03   5.1994739999999999e-03   4.6008899999999998e-03   3.0434860000000002e-03   1.1123570000000000e-03   1.0862669999999999e-03   3.0363990000000000e-03   4.6194239999999996e-03   5.2382250000000000e-03   5.1253289999999996e-03   5.0911999999999997e-03   5.1074830000000003e-03   5.1233260000000001e-03   5.1994739999999999e-03   4.6008899999999998e-03   3.0434860000000002e-03   1.1123570000000000e-03   1.0862669999999999e-03   3.0363990000000000e-03   4.6194239999999996e-03   5.2382250000000000e-03   5.1253289999999996e-03   5.2625870000000000e-03   5.0830870000000000e-03   5.1233260000000001e-03   5.1994739999999999e-03   4.6008899999999998e-03   3.0434860000000002e-03   1.1123570000000000e-03   1.0862669999999999e-03   3.0363990000000000e-03   4.6194239999999996e-03   5.2382250000000000e-03   5.1253460000000002e-03   5.0862679999999997e-03   5.1223529999999996e-03   5.1233260000000001e-03   5.1994739999999999e-03   4.6008899999999998e-03   3.0434860000000002e-03   1.1123570000000000e-03   1.0862669999999999e-03   3.0363990000000000e-03   4.6194239999999996e-03   5.2382250000000000e-03   5.1253430000000001e-03   5.2747319999999999e-03   5.0778890000000004e-03   5.1233260000000001e-03   5.1994739999999999e-03   4.6008899999999998e-03   3.0434860000000002e-03   1.1123570000000000e-03   1.0862669999999999e-03   3.0363990000000000e-03   4.6194239999999996e-03   5.2382250000000000e-03   5.1253350000000000e-03   5.0516739999999999e-03   5.0677550000000002e-03   5.1233260000000001e-03   5.1994739999999999e-03   4.6008899999999998e-03   3.0434860000000002e-03   1.1123570000000000e-03   1.0865090000000000e-03   3.0364410000000000e-03   4.6192680000000002e-03   5.2379439999999996e-03   5.1253310000000003e-03   5.0631599999999997e-03   5.0711899999999997e-03   5.1233229999999999e-03   5.1994729999999996e-03   4.6008899999999998e-03   3.0434849999999999e-03   1.1123570000000000e-03   1.1710010000000001e-03   3.0282249999999998e-03   4.6077499999999999e-03   5.2475710000000004e-03   5.1326009999999997e-03   5.1037480000000000e-03   5.0992529999999998e-03   5.1414620000000003e-03   5.2364919999999997e-03   4.6042009999999996e-03   3.0272659999999998e-03   1.1134520000000000e-03   2.9916700000000001e+00   2.9936170000000000e+00   2.9949240000000001e+00   2.9951750000000001e+00   2.9950939999999999e+00   2.9950580000000002e+00   2.9986549999999998e+00   2.9986910000000000e+00   2.9987740000000001e+00   2.9985409999999999e+00   2.9972159999999999e+00   2.9952329999999998e+00   2.9935790000000000e+00   2.9955140000000000e+00   2.9968370000000002e+00   2.9970850000000002e+00   2.9969960000000002e+00   2.9969910000000000e+00   2.9969549999999998e+00   2.9969950000000001e+00   2.9970650000000001e+00   2.9968040000000000e+00   2.9955170000000000e+00   2.9936020000000001e+00   2.9935790000000000e+00   2.9955140000000000e+00   2.9968370000000002e+00   2.9970850000000002e+00   2.9969960000000002e+00   2.9969779999999999e+00   2.9969929999999998e+00   2.9969950000000001e+00   2.9970650000000001e+00   2.9968040000000000e+00   2.9955170000000000e+00   2.9936020000000001e+00   2.9935790000000000e+00   2.9955140000000000e+00   2.9968370000000002e+00   2.9970850000000002e+00   2.9969960000000002e+00   2.9971450000000002e+00   2.9969660000000000e+00   2.9969950000000001e+00   2.9970650000000001e+00   2.9968040000000000e+00   2.9955170000000000e+00   2.9936020000000001e+00   2.9935790000000000e+00   2.9955140000000000e+00   2.9968370000000002e+00   2.9970850000000002e+00   2.9969960000000002e+00   2.9969670000000002e+00   2.9969999999999999e+00   2.9969950000000001e+00   2.9970650000000001e+00   2.9968040000000000e+00   2.9955170000000000e+00   2.9936020000000001e+00   2.9935790000000000e+00   2.9955140000000000e+00   2.9968370000000002e+00   2.9970850000000002e+00   2.9969960000000002e+00   2.9971500000000000e+00   2.9969540000000001e+00   2.9969950000000001e+00   2.9970650000000001e+00   2.9968040000000000e+00   2.9955170000000000e+00   2.9936020000000001e+00   2.9935790000000000e+00   2.9955140000000000e+00   2.9968370000000002e+00   2.9970850000000002e+00   2.9969960000000002e+00   2.9969269999999999e+00   2.9969370000000000e+00   2.9969950000000001e+00   2.9970650000000001e+00   2.9968040000000000e+00   2.9955170000000000e+00   2.9936020000000001e+00   2.9935790000000000e+00   2.9955140000000000e+00   2.9968370000000002e+00   2.9970850000000002e+00   2.9969960000000002e+00   2.9969340000000000e+00   2.9969350000000001e+00   2.9969950000000001e+00   2.9970650000000001e+00   2.9968040000000000e+00   2.9955170000000000e+00   2.9936020000000001e+00   2.9953580000000000e+00   2.9971990000000002e+00   2.9985230000000000e+00   2.9987949999999999e+00   2.9986959999999998e+00   2.9986670000000002e+00   2.9950589999999999e+00   2.9951080000000001e+00   2.9952009999999998e+00   2.9949170000000001e+00   2.9936029999999998e+00   2.9917029999999998e+00
3.0  DSMEAS
   1.0779200000000000e-03   3.0503430000000001e-03   4.7869649999999998e-03   6.3605010000000002e-03   7.6660469999999996e-03   8.1811769999999995e-03   8.1929629999999993e-03   7.6820200000000003e-03   6.3626840000000004e-03   4.7861500000000003e-03   3.0490349999999999e-03   1.0460310000000000e-03   1.0864830000000001e-03   3.0462910000000000e-03   4.7862060000000003e-03   6.3611249999999996e-03   7.6748690000000000e-03   8.2313999999999998e-03   8.1601260000000002e-03   7.6535160000000000e-03   6.3594799999999998e-03   4.7876400000000001e-03   3.0542569999999999e-03   1.1125680000000000e-03   1.0864900000000001e-03   3.0462950000000001e-03   4.7862069999999998e-03   6.3611240000000001e-03   7.6748570000000002e-03   8.2215050000000005e-03   8.2020679999999999e-03   7.6535160000000000e-03   6.3594799999999998e-03   4.7876400000000001e-03   3.0542569999999999e-03   1.1125680000000000e-03   1.0864900000000001e-03   3.0462950000000001e-03   4.7862069999999998e-03   6.3611240000000001e-03   7.6748570000000002e-03   8.3928930000000002e-03   8.1776739999999994e-03   7.6535160000000000e-03   6.3594799999999998e-03   4.7876400000000001e-03   3.0542569999999999e-03   1.1125680000000000e-03   1.0864900000000001e-03   3.0462950000000001e-03   4.7862069999999998e-03   6.3611240000000001e-03   7.6748739999999999e-03   8.2165729999999996e-03   8.2169410000000002e-03   7.6535160000000000e-03   6.3594799999999998e-03   4.7876400000000001e-03   3.0542569999999999e-03   1.1125680000000000e-03   1.0864900000000001e-03   3.0462950000000001e-03   4.7862069999999998e-03   6.3611240000000001e-03   7.6748709999999998e-03   8.4050419999999997e-03   8.1724789999999999e-03   7.6535160000000000e-03   6.3594799999999998e-03   4.7876400000000001e-03   3.0542569999999999e-03   1.1125680000000000e-03   1.0864900000000001e-03   3.0462950000000001e-03   4.7862069999999998e-03   6.3611240000000001e-03   7.6748629999999997e-03   8.1819830000000003e-03   8.1623470000000004e-03   7.6535160000000000e-03   6.3594799999999998e-03   4.7876400000000001e-03   3.0542569999999999e-03   1.1125680000000000e-03   1.0867320000000000e-03   3.0463479999999999e-03   4.7862160000000003e-03   6.3611060000000001e-03   7.6746970000000003e-03   8.1932129999999995e-03   8.1657870000000007e-03   7.6535160000000000e-03   6.3594790000000003e-03   4.7876400000000001e-03   3.0542569999999999e-03   1.1125680000000000e-03   1.1712350000000001e-03   3.0391250000000002e-03   4.7852859999999997e-03   6.3588430000000003e-03   7.6656980000000003e-03   8.2383230000000005e-03   8.2189800000000007e-03   7.6605140000000002e-03   6.3598630000000003e-03   4.7861040000000002e-03   3.0377180000000000e-03   1.1136539999999999e-03   2.9916760000000000e+00   2.9936720000000001e+00   2.9954010000000002e+00   2.9969130000000002e+00   2.9979420000000001e+00   2.9981119999999999e+00   3.0017119999999999e+00   3.0015550000000002e+00   3.0005150000000000e+00   2.9989960000000000e+00   2.9972650000000001e+00   2.9952390000000002e+00   2.9935849999999999e+00   2.9955660000000002e+00   2.9973000000000001e+00   2.9988150000000000e+00   2.9998550000000002e+00   3.0000529999999999e+00   2.9999980000000002e+00   2.9998230000000001e+00   2.9988069999999998e+00   2.9973000000000001e+00   2.9955740000000000e+00   2.9936090000000002e+00   2.9935849999999999e+00   2.9955660000000002e+00   2.9973000000000001e+00   2.9988150000000000e+00   2.9998550000000002e+00   3.0000410000000000e+00   3.0000360000000001e+00   2.9998230000000001e+00   2.9988069999999998e+00   2.9973000000000001e+00   2.9955740000000000e+00   2.9936090000000002e+00   2.9935849999999999e+00   2.9955660000000002e+00   2.9973000000000001e+00   2.9988150000000000e+00   2.9998550000000002e+00   3.0002080000000002e+00   3.0000100000000001e+00   2.9998230000000001e+00   2.9988069999999998e+00   2.9973000000000001e+00   2.9955740000000000e+00   2.9936090000000002e+00   2.9935849999999999e+00   2.9955660000000002e+00   2.9973000000000001e+00   2.9988150000000000e+00   2.9998550000000002e+00   3.0000300000000002e+00   3.0000439999999999e+00   2.9998230000000001e+00   2.9988069999999998e+00   2.9973000000000001e+00   2.9955740000000000e+00   2.9936090000000002e+00   2.9935849999999999e+00   2.9955660000000002e+00   2.9973000000000001e+00   2.9988150000000000e+00   2.9998550000000002e+00   3.0002130000000000e+00   2.9999970000000000e+00   2.9998230000000001e+00   2.9988069999999998e+00   2.9973000000000001e+00   2.9955740000000000e+00   2.9936090000000002e+00   2.9935849999999999e+00   2.9955660000000002e+00   2.9973000000000001e+00   2.9988150000000000e+00   2.9998550000000002e+00   2.9999889999999998e+00   2.9999799999999999e+00   2.9998230000000001e+00   2.9988069999999998e+00   2.9973000000000001e+00   2.9955740000000000e+00   2.9936090000000002e+00   2.9935849999999999e+00   2.9955669999999999e+00   2.9973000000000001e+00   2.9988150000000000e+00   2.9998540000000000e+00   2.9999970000000000e+00   2.9999790000000002e+00   2.9998230000000001e+00   2.9988069999999998e+00   2.9973000000000001e+00   2.9955740000000000e+00   2.9936090000000002e+00   2.9953639999999999e+00   2.9972539999999999e+00   2.9989930000000000e+00   3.0005060000000001e+00   3.0015450000000001e+00   3.0017369999999999e+00   2.9981249999999999e+00   2.9979399999999998e+00   2.9969100000000002e+00   2.9953989999999999e+00   2.9936579999999999e+00   2.9917090000000002e+00
3.0  DSMEAS
   1.0779209999999999e-03   3.0504030000000001e-03   4.7883930000000002e-03   6.3824099999999998e-03   7.8811939999999994e-03   9.2967020000000004e-03   9.2971510000000000e-03   7.8807909999999998e-03   6.3816020000000001e-03   4.7873389999999998e-03   3.0490830000000002e-03   1.0460319999999999e-03   1.0864840000000000e-03   3.0463470000000000e-03   4.7875579999999999e-03   6.3819560000000003e-03   7.8809510000000006e-03   9.3301849999999995e-03   9.2926390000000001e-03   7.8812740000000006e-03   6.3826669999999999e-03   4.7890590000000000e-03   3.0543100000000002e-03   1.1125690000000001e-03   1.0864910000000000e-03   3.0463510000000001e-03   4.7875590000000003e-03   6.3819569999999997e-03   7.8809510000000006e-03   9.3203090000000006e-03   9.3345809999999998e-03   7.8812740000000006e-03   6.3826669999999999e-03   4.7890590000000000e-03   3.0543100000000002e-03   1.1125690000000001e-03   1.0864910000000000e-03   3.0463510000000001e-03   4.7875590000000003e-03   6.3819569999999997e-03   7.8809520000000001e-03   9.4916970000000003e-03   9.3101880000000005e-03   7.8812740000000006e-03   6.3826669999999999e-03   4.7890590000000000e-03   3.0543100000000002e-03   1.1125690000000001e-03   1.0864910000000000e-03   3.0463510000000001e-03   4.7875590000000003e-03   6.3819569999999997e-03   7.8809689999999998e-03   9.3153779999999992e-03   9.3494549999999996e-03   7.8812740000000006e-03   6.3826669999999999e-03   4.7890590000000000e-03   3.0543100000000002e-03   1.1125690000000001e-03   1.0864910000000000e-03   3.0463510000000001e-03   4.7875590000000003e-03   6.3819569999999997e-03   7.8809650000000002e-03   9.5038469999999993e-03   9.3049940000000005e-03   7.8812740000000006e-03   6.3826669999999999e-03   4.7890590000000000e-03   3.0543100000000002e-03   1.1125690000000001e-03   1.0864910000000000e-03   3.0463510000000001e-03   4.7875590000000003e-03   6.3819569999999997e-03   7.8809569999999992e-03   9.2807900000000006e-03   9.2948630000000004e-03   7.8812740000000006e-03   6.3826669999999999e-03   4.7890590000000000e-03   3.0543100000000002e-03   1.1125690000000001e-03   1.0867330000000001e-03   3.0464040000000000e-03   4.7875699999999997e-03   6.3819619999999997e-03   7.8809669999999991e-03   9.2922609999999996e-03   9.2983040000000003e-03   7.8812740000000006e-03   6.3826669999999999e-03   4.7890590000000000e-03   3.0543100000000002e-03   1.1125690000000001e-03   1.1712360000000000e-03   3.0391839999999999e-03   4.7867539999999998e-03   6.3816539999999996e-03   7.8805200000000002e-03   9.3272230000000008e-03   9.3169499999999992e-03   7.8813059999999994e-03   6.3824270000000004e-03   4.7874730000000004e-03   3.0377690000000001e-03   1.1136539999999999e-03   2.9916760000000000e+00   2.9936720000000001e+00   2.9954100000000001e+00   2.9970029999999999e+00   2.9984929999999999e+00   2.9998520000000002e+00   3.0034519999999998e+00   3.0020889999999998e+00   3.0005970000000000e+00   2.9990039999999998e+00   2.9972660000000002e+00   2.9952390000000002e+00   2.9935849999999999e+00   2.9955669999999999e+00   2.9973079999999999e+00   2.9989010000000000e+00   3.0003920000000002e+00   3.0017849999999999e+00   3.0017420000000001e+00   3.0003920000000002e+00   2.9989020000000002e+00   2.9973090000000000e+00   2.9955750000000001e+00   2.9936090000000002e+00   2.9935849999999999e+00   2.9955669999999999e+00   2.9973079999999999e+00   2.9989010000000000e+00   3.0003920000000002e+00   3.0017719999999999e+00   3.0017800000000001e+00   3.0003920000000002e+00   2.9989020000000002e+00   2.9973090000000000e+00   2.9955750000000001e+00   2.9936090000000002e+00   2.9935849999999999e+00   2.9955669999999999e+00   2.9973079999999999e+00   2.9989010000000000e+00   3.0003920000000002e+00   3.0019399999999998e+00   3.0017529999999999e+00   3.0003920000000002e+00   2.9989020000000002e+00   2.9973090000000000e+00   2.9955750000000001e+00   2.9936090000000002e+00   2.9935849999999999e+00   2.9955669999999999e+00   2.9973079999999999e+00   2.9989010000000000e+00   3.0003920000000002e+00   3.0017610000000001e+00   3.0017870000000002e+00   3.0003920000000002e+00   2.9989020000000002e+00   2.9973090000000000e+00   2.9955750000000001e+00   2.9936090000000002e+00   2.9935849999999999e+00   2.9955669999999999e+00   2.9973079999999999e+00   2.9989010000000000e+00   3.0003920000000002e+00   3.0019439999999999e+00   3.0017399999999999e+00   3.0003920000000002e+00   2.9989020000000002e+00   2.9973090000000000e+00   2.9955750000000001e+00   2.9936090000000002e+00   2.9935849999999999e+00   2.9955669999999999e+00   2.9973079999999999e+00   2.9989010000000000e+00   3.0003920000000002e+00   3.0017209999999999e+00   3.0017239999999998e+00   3.0003920000000002e+00   2.9989020000000002e+00   2.9973090000000000e+00   2.9955750000000001e+00   2.9936090000000002e+00   2.9935849999999999e+00   2.9955669999999999e+00   2.9973079999999999e+00   2.9989010000000000e+00   3.0003920000000002e+00   3.0017280000000000e+00   3.0017220000000000e+00   3.0003920000000002e+00   2.9989020000000002e+00   2.9973090000000000e+00   2.9955750000000001e+00   2.9936090000000002e+00   2.9953639999999999e+00   2.9972550000000000e+00   2.9990019999999999e+00   3.0005959999999998e+00   3.0020859999999998e+00   3.0034529999999999e+00   2.9998380000000000e+00   2.9984920000000002e+00   2.9970020000000002e+00   2.9954079999999998e+00   2.9936590000000001e+00   2.9917090000000002e+00
3.0  DSMEAS
   1.0746210000000000e-03   3.0471029999999998e-03   4.7851009999999999e-03   6.3792550000000003e-03   7.8799219999999993e-03   9.3153260000000005e-03   9.3130030000000003e-03   7.8792010000000006e-03   6.3784209999999996e-03   4.7840449999999998e-03   3.0457829999999998e-03   1.0427320000000000e-03   1.0831840000000001e-03   3.0430480000000000e-03   4.7842659999999997e-03   6.3787929999999998e-03   7.8795749999999998e-03   9.3477400000000002e-03   9.3125699999999992e-03   7.8800360000000000e-03   6.3795029999999999e-03   4.7857660000000003e-03   3.0510110000000002e-03   1.1092690000000000e-03   1.0831910000000001e-03   3.0430520000000001e-03   4.7842670000000000e-03   6.3787929999999998e-03   7.8795749999999998e-03   9.3378650000000007e-03   9.3545130000000001e-03   7.8800360000000000e-03   6.3795029999999999e-03   4.7857660000000003e-03   3.0510110000000002e-03   1.1092690000000000e-03   1.0831910000000001e-03   3.0430520000000001e-03   4.7842670000000000e-03   6.3787929999999998e-03   7.8795759999999992e-03   9.5092530000000005e-03   9.3301189999999996e-03   7.8800360000000000e-03   6.3795029999999999e-03   4.7857660000000003e-03   3.0510110000000002e-03   1.1092690000000000e-03   1.0831910000000001e-03   3.0430520000000001e-03   4.7842670000000000e-03   6.3787929999999998e-03   7.8795930000000007e-03   9.3329339999999993e-03   9.3693869999999999e-03   7.8800360000000000e-03   6.3795029999999999e-03   4.7857660000000003e-03   3.0510110000000002e-03   1.1092690000000000e-03   1.0831910000000001e-03   3.0430520000000001e-03   4.7842670000000000e-03   6.3787929999999998e-03   7.8795900000000006e-03   9.5214029999999995e-03   9.3249249999999995e-03   7.8800360000000000e-03   6.3795029999999999e-03   4.7857660000000003e-03   3.0510110000000002e-03   1.1092690000000000e-03   1.0831910000000001e-03   3.0430520000000001e-03   4.7842670000000000e-03   6.3787929999999998e-03   7.8795810000000001e-03   9.2983460000000007e-03   9.3147939999999995e-03   7.8800360000000000e-03   6.3795029999999999e-03   4.7857660000000003e-03   3.0510110000000002e-03   1.1092690000000000e-03   1.0834330000000000e-03   3.0431040000000000e-03   4.7842780000000003e-03   6.3787990000000001e-03   7.8795930000000007e-03   9.3098399999999998e-03   9.3182349999999994e-03   7.8800360000000000e-03   6.3795029999999999e-03   4.7857660000000003e-03   3.0510099999999998e-03   1.1092690000000000e-03   1.1679360000000001e-03   3.0358840000000000e-03   4.7834619999999996e-03   6.3784990000000001e-03   7.8793179999999997e-03   9.3465839999999998e-03   9.3362440000000005e-03   7.8800020000000005e-03   6.3792570000000002e-03   4.7841799999999999e-03   3.0344690000000001e-03   1.1103540000000000e-03   2.9916760000000000e+00   2.9936720000000001e+00   2.9954100000000001e+00   2.9970040000000000e+00   2.9985050000000002e+00   2.9999400000000001e+00   3.0035330000000000e+00   3.0020989999999999e+00   3.0005980000000001e+00   2.9990039999999998e+00   2.9972660000000002e+00   2.9952390000000002e+00   2.9935849999999999e+00   2.9955669999999999e+00   2.9973079999999999e+00   2.9989020000000002e+00   3.0004029999999999e+00   3.0018690000000001e+00   3.0018340000000001e+00   3.0004029999999999e+00   2.9989029999999999e+00   2.9973100000000001e+00   2.9955750000000001e+00   2.9936090000000002e+00   2.9935849999999999e+00   2.9955669999999999e+00   2.9973079999999999e+00   2.9989020000000002e+00   3.0004029999999999e+00   3.0018570000000002e+00   3.0018720000000001e+00   3.0004029999999999e+00   2.9989029999999999e+00   2.9973100000000001e+00   2.9955750000000001e+00   2.9936090000000002e+00   2.9935849999999999e+00   2.9955669999999999e+00   2.9973079999999999e+00   2.9989020000000002e+00   3.0004029999999999e+00   3.0020240000000000e+00   3.0018460000000000e+00   3.0004029999999999e+00   2.9989029999999999e+00   2.9973100000000001e+00   2.9955750000000001e+00   2.9936090000000002e+00   2.9935849999999999e+00   2.9955669999999999e+00   2.9973079999999999e+00   2.9989020000000002e+00   3.0004029999999999e+00   3.0018460000000000e+00   3.0018790000000002e+00   3.0004029999999999e+00   2.9989029999999999e+00   2.9973100000000001e+00   2.9955750000000001e+00   2.9936090000000002e+00   2.9935849999999999e+00   2.9955669999999999e+00   2.9973079999999999e+00   2.9989020000000002e+00   3.0004029999999999e+00   3.0020289999999998e+00   3.0018319999999998e+00   3.0004029999999999e+00   2.9989029999999999e+00   2.9973100000000001e+00   2.9955750000000001e+00   2.9936090000000002e+00   2.9935849999999999e+00   2.9955669999999999e+00   2.9973079999999999e+00   2.9989020000000002e+00   3.0004029999999999e+00   3.0018050000000001e+00   3.0018159999999998e+00   3.0004029999999999e+00   2.9989029999999999e+00   2.9973100000000001e+00   2.9955750000000001e+00   2.9936090000000002e+00   2.9935849999999999e+00   2.9955669999999999e+00   2.9973079999999999e+00   2.9989020000000002e+00   3.0004029999999999e+00   3.0018129999999998e+00   3.0018140000000000e+00   3.0004029999999999e+00   2.9989029999999999e+00   2.9973100000000001e+00   2.9955750000000001e+00   2.9936090000000002e+00   2.9953639999999999e+00   2.9972550000000000e+00   2.9990019999999999e+00   3.0005970000000000e+00   3.0020980000000002e+00   3.0035409999999998e+00   2.9999270000000000e+00   2.9985040000000001e+00   2.9970029999999999e+00   2.9954079999999998e+00   2.9936590000000001e+00   2.9917090000000002e+00
3.0  DSMEAS
  -1.1335790000000000e-02   8.0124419999999996e-04   2.1934670000000002e-03   3.6642789999999999e-03   5.1040670000000003e-03   6.5034369999999999e-03   6.5010980000000003e-03   5.1033609999999998e-03   3.6634749999999998e-03   2.1924770000000000e-03   8.0008860000000000e-04   5.8057820000000001e-07  -2.4994940000000000e-02   7.9724620000000000e-04   2.1926570000000002e-03   3.6638259999999998e-03   5.1037219999999998e-03   6.5358420000000000e-03   6.5006739999999997e-03   5.1041830000000000e-03   3.6645359999999999e-03   2.1941560000000001e-03   8.0520739999999998e-04   2.9480030000000000e-07  -2.4982500000000001e-02   7.9725019999999996e-04   2.1926580000000001e-03   3.6638259999999998e-03   5.1037230000000001e-03   6.5259660000000002e-03   6.5426160000000002e-03   5.1041830000000000e-03   3.6645359999999999e-03   2.1941560000000001e-03   8.0520730000000005e-04   2.9471379999999999e-07  -2.4982500000000001e-02   7.9725019999999996e-04   2.1926580000000001e-03   3.6638259999999998e-03   5.1037230000000001e-03   6.6973540000000000e-03   6.5182219999999997e-03   5.1041830000000000e-03   3.6645359999999999e-03   2.1941560000000001e-03   8.0520730000000005e-04   2.9471379999999999e-07  -2.4982500000000001e-02   7.9725019999999996e-04   2.1926580000000001e-03   3.6638259999999998e-03   5.1037399999999998e-03   6.5210329999999999e-03   6.5574880000000002e-03   5.1041830000000000e-03   3.6645359999999999e-03   2.1941560000000001e-03   8.0520730000000005e-04   2.9471379999999999e-07  -2.4982500000000001e-02   7.9725019999999996e-04   2.1926580000000001e-03   3.6638259999999998e-03   5.1037369999999997e-03   6.7095009999999997e-03   6.5130250000000004e-03   5.1041830000000000e-03   3.6645359999999999e-03   2.1941560000000001e-03   8.0520730000000005e-04   2.9471379999999999e-07  -2.4982500000000001e-02   7.9725019999999996e-04   2.1926580000000001e-03   3.6638259999999998e-03   5.1037290000000004e-03   6.4864420000000002e-03   6.5028930000000000e-03   5.1041830000000000e-03   3.6645359999999999e-03   2.1941560000000001e-03   8.0520730000000005e-04   2.9471379999999999e-07  -2.4936549999999998e-02   7.9730269999999997e-04   2.1926690000000000e-03   3.6638320000000001e-03   5.1037399999999998e-03   6.4979340000000003e-03   6.5063320000000001e-03   5.1041830000000000e-03   3.6645359999999999e-03   2.1941560000000001e-03   8.0520690000000002e-04   2.9463180000000000e-07   5.0000829999999999e-05   7.9017390000000001e-04   2.1918820000000000e-03   3.6635420000000001e-03   5.1034690000000002e-03   6.5346889999999998e-03   6.5243219999999999e-03   5.1041339999999998e-03   3.6642689999999999e-03   2.1925320000000001e-03   7.8859139999999997e-04   5.8856649999999999e-07   2.9906310000000000e+00   2.9917820000000002e+00   2.9933090000000000e+00   2.9948290000000002e+00   2.9962930000000001e+00   2.9977079999999998e+00   3.0013010000000002e+00   2.9998879999999999e+00   2.9984240000000000e+00   2.9969030000000001e+00   2.9953759999999998e+00   2.9941610000000001e+00   2.9904299999999999e+00   2.9936769999999999e+00   2.9952060000000000e+00   2.9967280000000001e+00   2.9981920000000000e+00   2.9996369999999999e+00   2.9996019999999999e+00   2.9981920000000000e+00   2.9967280000000001e+00   2.9952079999999999e+00   2.9936850000000002e+00   2.9925970000000000e+00   2.9904350000000002e+00   2.9936769999999999e+00   2.9952060000000000e+00   2.9967280000000001e+00   2.9981920000000000e+00   2.9996239999999998e+00   2.9996399999999999e+00   2.9981920000000000e+00   2.9967280000000001e+00   2.9952079999999999e+00   2.9936850000000002e+00   2.9925970000000000e+00   2.9904350000000002e+00   2.9936769999999999e+00   2.9952060000000000e+00   2.9967280000000001e+00   2.9981920000000000e+00   2.9997919999999998e+00   2.9996130000000001e+00   2.9981920000000000e+00   2.9967280000000001e+00   2.9952079999999999e+00   2.9936850000000002e+00   2.9925970000000000e+00   2.9904350000000002e+00   2.9936769999999999e+00   2.9952060000000000e+00   2.9967280000000001e+00   2.9981920000000000e+00   2.9996139999999998e+00   2.9996470000000000e+00   2.9981920000000000e+00   2.9967280000000001e+00   2.9952079999999999e+00   2.9936850000000002e+00   2.9925970000000000e+00   2.9904350000000002e+00   2.9936769999999999e+00   2.9952060000000000e+00   2.9967280000000001e+00   2.9981920000000000e+00   2.9997959999999999e+00   2.9996000000000000e+00   2.9981920000000000e+00   2.9967280000000001e+00   2.9952079999999999e+00   2.9936850000000002e+00   2.9925970000000000e+00   2.9904350000000002e+00   2.9936769999999999e+00   2.9952060000000000e+00   2.9967280000000001e+00   2.9981920000000000e+00   2.9995729999999998e+00   2.9995840000000000e+00   2.9981920000000000e+00   2.9967280000000001e+00   2.9952079999999999e+00   2.9936850000000002e+00   2.9925970000000000e+00   2.9904470000000001e+00   2.9936769999999999e+00   2.9952060000000000e+00   2.9967280000000001e+00   2.9981920000000000e+00   2.9995799999999999e+00   2.9995820000000002e+00   2.9981920000000000e+00   2.9967280000000001e+00   2.9952079999999999e+00   2.9936850000000002e+00   2.9925970000000000e+00   2.9943469999999999e+00   2.9953650000000001e+00   2.9969009999999998e+00   2.9984220000000001e+00   2.9998870000000002e+00   3.0013079999999999e+00   2.9976950000000002e+00   2.9962920000000000e+00   2.9948280000000000e+00   2.9933060000000000e+00   2.9917680000000000e+00   2.9906950000000001e+00
3.0  DSMEAS
  -1.2069980000000000e-01   2.5230649999999999e-05   7.1563430000000003e-04   1.7260509999999999e-03   2.8992050000000002e-03   4.1366579999999997e-03   4.1343630000000003e-03   2.8985650000000001e-03   1.7253530000000000e-03   7.1480090000000001e-04   2.3617190000000001e-05  -1.0898960000000001e-01  -1.1940470000000000e-01   2.4786650000000001e-05   7.1486930000000002e-04   1.7256270000000000e-03   2.8988740000000001e-03   4.1690670000000003e-03   4.1338989999999999e-03   2.8993339999999999e-03   1.7263360000000000e-03   7.1636569999999997e-04   2.7353659999999999e-05  -1.0959020000000000e-01  -1.1939970000000000e-01   2.4787310000000000e-05   7.1487020000000001e-04   1.7256280000000001e-03   2.8988750000000000e-03   4.1591900000000001e-03   4.1758400000000001e-03   2.8993339999999999e-03   1.7263360000000000e-03   7.1636569999999997e-04   2.7353640000000001e-05  -1.0959020000000000e-01  -1.1939970000000000e-01   2.4787310000000000e-05   7.1487020000000001e-04   1.7256280000000001e-03   2.8988750000000000e-03   4.3305760000000000e-03   4.1514439999999998e-03   2.8993339999999999e-03   1.7263360000000000e-03   7.1636569999999997e-04   2.7353640000000001e-05  -1.0959020000000000e-01  -1.1939970000000000e-01   2.4787310000000000e-05   7.1487020000000001e-04   1.7256280000000001e-03   2.8988920000000001e-03   4.1542539999999996e-03   4.1907079999999996e-03   2.8993339999999999e-03   1.7263360000000000e-03   7.1636569999999997e-04   2.7353640000000001e-05  -1.0959020000000000e-01  -1.1939970000000000e-01   2.4787310000000000e-05   7.1487020000000001e-04   1.7256280000000001e-03   2.8988890000000000e-03   4.3427190000000001e-03   4.1462440000000003e-03   2.8993339999999999e-03   1.7263360000000000e-03   7.1636569999999997e-04   2.7353640000000001e-05  -1.0959020000000000e-01  -1.1939970000000000e-01   2.4787310000000000e-05   7.1487020000000001e-04   1.7256280000000001e-03   2.8988809999999999e-03   4.1196569999999997e-03   4.1361080000000003e-03   2.8993339999999999e-03   1.7263360000000000e-03   7.1636569999999997e-04   2.7353640000000001e-05  -1.0959020000000000e-01  -1.1939600000000000e-01   2.4806830000000000e-05   7.1488130000000000e-04   1.7256330000000001e-03   2.8988930000000000e-03   4.1311469999999999e-03   4.1395449999999997e-03   2.8993339999999999e-03   1.7263360000000000e-03   7.1636560000000005e-04   2.7353520000000000e-05  -1.0959000000000001e-01  -7.1748779999999998e-02   2.0014679999999999e-05   7.1417580000000000e-04   1.7253880000000000e-03   2.8986410000000000e-03   4.1679090000000000e-03   4.1574949999999998e-03   2.8992380000000002e-03   1.7260070000000001e-03   7.1466729999999999e-04   1.9451440000000001e-05  -1.1479140000000000e-01   2.8907039999999999e+00   2.9907520000000001e+00   2.9915810000000000e+00   2.9927020000000000e+00   2.9939480000000001e+00   2.9952320000000001e+00   2.9988260000000002e+00   2.9975429999999998e+00   2.9962970000000002e+00   2.9951750000000001e+00   2.9943469999999999e+00   2.9052199999999999e+00   2.8927170000000002e+00   2.9926480000000000e+00   2.9934789999999998e+00   2.9946009999999998e+00   2.9958469999999999e+00   2.9971619999999999e+00   2.9971260000000002e+00   2.9958469999999999e+00   2.9946009999999998e+00   2.9934799999999999e+00   2.9926550000000001e+00   2.9028109999999998e+00   2.8927209999999999e+00   2.9926480000000000e+00   2.9934789999999998e+00   2.9946009999999998e+00   2.9958469999999999e+00   2.9971489999999998e+00   2.9971640000000002e+00   2.9958469999999999e+00   2.9946009999999998e+00   2.9934799999999999e+00   2.9926550000000001e+00   2.9028109999999998e+00   2.8927209999999999e+00   2.9926480000000000e+00   2.9934789999999998e+00   2.9946009999999998e+00   2.9958469999999999e+00   2.9973160000000001e+00   2.9971380000000001e+00   2.9958469999999999e+00   2.9946009999999998e+00   2.9934799999999999e+00   2.9926550000000001e+00   2.9028109999999998e+00   2.8927209999999999e+00   2.9926480000000000e+00   2.9934789999999998e+00   2.9946009999999998e+00   2.9958469999999999e+00   2.9971380000000001e+00   2.9971719999999999e+00   2.9958469999999999e+00   2.9946009999999998e+00   2.9934799999999999e+00   2.9926550000000001e+00   2.9028109999999998e+00   2.8927209999999999e+00   2.9926480000000000e+00   2.9934789999999998e+00   2.9946009999999998e+00   2.9958469999999999e+00   2.9973209999999999e+00   2.9971250000000000e+00   2.9958469999999999e+00   2.9946009999999998e+00   2.9934799999999999e+00   2.9926550000000001e+00   2.9028109999999998e+00   2.8927209999999999e+00   2.9926480000000000e+00   2.9934789999999998e+00   2.9946009999999998e+00   2.9958469999999999e+00   2.9970970000000001e+00   2.9971090000000000e+00   2.9958469999999999e+00   2.9946009999999998e+00   2.9934799999999999e+00   2.9926550000000001e+00   2.9028109999999998e+00   2.8927190000000000e+00   2.9926480000000000e+00   2.9934789999999998e+00   2.9946009999999998e+00   2.9958469999999999e+00   2.9971049999999999e+00   2.9971070000000002e+00   2.9958469999999999e+00   2.9946009999999998e+00   2.9934799999999999e+00   2.9926550000000001e+00   2.9028119999999999e+00   2.9425580000000000e+00   2.9943369999999998e+00   2.9951729999999999e+00   2.9962960000000001e+00   2.9975420000000002e+00   2.9988329999999999e+00   2.9952200000000002e+00   2.9939469999999999e+00   2.9927009999999998e+00   2.9915780000000001e+00   2.9907409999999999e+00   2.8970609999999999e+00
3.0  DSMEAS
  -1.9386970000000001e-01  -1.0567130000000000e-01   5.8317189999999997e-05   6.3831190000000000e-04   1.4327030000000000e-03   2.3814620000000000e-03   2.3792380000000001e-03   1.4321550000000001e-03   6.3771889999999999e-04   5.7713139999999997e-05  -9.3389130000000001e-02  -1.7837130000000001e-01  -1.8917950000000000e-01  -1.0363340000000000e-01   5.8245029999999998e-05   6.3791659999999997e-04   1.4323960000000001e-03   2.4138870000000000e-03   2.3787180000000002e-03   1.4328550000000000e-03   6.3862320000000001e-04   5.9406439999999997e-05  -9.8810300000000004e-02  -1.7994830000000001e-01  -1.8917650000000000e-01  -1.0363280000000000e-01   5.8245619999999998e-05   6.3791700000000000e-04   1.4323960000000001e-03   2.4040070000000001e-03   2.4206570000000001e-03   1.4328550000000000e-03   6.3862320000000001e-04   5.9406449999999998e-05  -9.8810289999999995e-02  -1.7994830000000001e-01  -1.8917650000000000e-01  -1.0363280000000000e-01   5.8245619999999998e-05   6.3791700000000000e-04   1.4323970000000000e-03   2.5753909999999998e-03   2.3962580000000001e-03   1.4328550000000000e-03   6.3862320000000001e-04   5.9406449999999998e-05  -9.8810289999999995e-02  -1.7994830000000001e-01  -1.8917650000000000e-01  -1.0363280000000000e-01   5.8245619999999998e-05   6.3791700000000000e-04   1.4324139999999999e-03   2.3990660000000000e-03   2.4355210000000000e-03   1.4328550000000000e-03   6.3862320000000001e-04   5.9406449999999998e-05  -9.8810289999999995e-02  -1.7994830000000001e-01  -1.8917650000000000e-01  -1.0363280000000000e-01   5.8245619999999998e-05   6.3791700000000000e-04   1.4324100000000001e-03   2.5875280000000000e-03   2.3910530000000002e-03   1.4328550000000000e-03   6.3862320000000001e-04   5.9406449999999998e-05  -9.8810289999999995e-02  -1.7994830000000001e-01  -1.8917650000000000e-01  -1.0363280000000000e-01   5.8245619999999998e-05   6.3791700000000000e-04   1.4324019999999999e-03   2.3644629999999998e-03   2.3809140000000000e-03   1.4328550000000000e-03   6.3862320000000001e-04   5.9406449999999998e-05  -9.8810289999999995e-02  -1.7994830000000001e-01  -1.8916600000000000e-01  -1.0361700000000000e-01   5.8254280000000001e-05   6.3792240000000000e-04   1.4324139999999999e-03   2.3759490000000000e-03   2.3843470000000002e-03   1.4328550000000000e-03   6.3862320000000001e-04   5.9406400000000001e-05  -9.8811670000000004e-02  -1.7994820000000000e-01  -1.4542939999999999e-01  -9.7608459999999994e-02   5.7331930000000001e-05   6.3773780000000004e-04   1.4322090000000000e-03   2.4127409999999999e-03   2.4022480000000001e-03   1.4327120000000000e-03   6.3824909999999995e-04   5.7400759999999998e-05  -1.0414370000000001e-01  -1.8787270000000000e-01   2.8145570000000002e+00   2.9065390000000000e+00   2.9907870000000001e+00   2.9914489999999998e+00   2.9923229999999998e+00   2.9933390000000002e+00   2.9969320000000002e+00   2.9959169999999999e+00   2.9950440000000000e+00   2.9943819999999999e+00   2.9206509999999999e+00   2.8326080000000000e+00   2.8201420000000001e+00   2.9095149999999999e+00   2.9926849999999998e+00   2.9933470000000000e+00   2.9942210000000000e+00   2.9952679999999998e+00   2.9952329999999998e+00   2.9942220000000002e+00   2.9933480000000001e+00   2.9926870000000001e+00   2.9143829999999999e+00   2.8295080000000001e+00   2.8201450000000001e+00   2.9095149999999999e+00   2.9926849999999998e+00   2.9933470000000000e+00   2.9942210000000000e+00   2.9952559999999999e+00   2.9952709999999998e+00   2.9942220000000002e+00   2.9933480000000001e+00   2.9926870000000001e+00   2.9143829999999999e+00   2.8295080000000001e+00   2.8201450000000001e+00   2.9095149999999999e+00   2.9926849999999998e+00   2.9933470000000000e+00   2.9942210000000000e+00   2.9954230000000002e+00   2.9952450000000002e+00   2.9942220000000002e+00   2.9933480000000001e+00   2.9926870000000001e+00   2.9143829999999999e+00   2.8295080000000001e+00   2.8201450000000001e+00   2.9095149999999999e+00   2.9926849999999998e+00   2.9933470000000000e+00   2.9942210000000000e+00   2.9952450000000002e+00   2.9952790000000000e+00   2.9942220000000002e+00   2.9933480000000001e+00   2.9926870000000001e+00   2.9143829999999999e+00   2.8295080000000001e+00   2.8201450000000001e+00   2.9095149999999999e+00   2.9926849999999998e+00   2.9933470000000000e+00   2.9942210000000000e+00   2.9954280000000000e+00   2.9952320000000001e+00   2.9942220000000002e+00   2.9933480000000001e+00   2.9926870000000001e+00   2.9143829999999999e+00   2.8295080000000001e+00   2.8201450000000001e+00   2.9095149999999999e+00   2.9926849999999998e+00   2.9933470000000000e+00   2.9942210000000000e+00   2.9952040000000002e+00   2.9952150000000000e+00   2.9942220000000002e+00   2.9933480000000001e+00   2.9926870000000001e+00   2.9143829999999999e+00   2.8295080000000001e+00   2.8201499999999999e+00   2.9095300000000002e+00   2.9926849999999998e+00   2.9933470000000000e+00   2.9942210000000000e+00   2.9952120000000000e+00   2.9952139999999998e+00   2.9942220000000002e+00   2.9933480000000001e+00   2.9926870000000001e+00   2.9143819999999998e+00   2.8295080000000001e+00   2.8649950000000000e+00   2.9162560000000002e+00   2.9943800000000000e+00   2.9950420000000002e+00   2.9959159999999998e+00   2.9969399999999999e+00   2.9933260000000002e+00   2.9923210000000000e+00   2.9914470000000000e+00   2.9907849999999998e+00   2.9079739999999998e+00   2.8207890000000000e+00
3.0  DSMEAS
  -2.5660620000000001e-01  -1.8121899999999999e-01  -9.5562099999999997e-02   6.2379480000000000e-05   5.6082319999999997e-04   1.2213920000000000e-03   1.2192390000000000e-03   5.6034860000000000e-04   6.2100720000000001e-05  -8.5153569999999998e-02  -1.6372159999999999e-01  -2.3631579999999999e-01  -2.4953120000000001e-01  -1.7634259999999999e-01  -9.5000180000000004e-02   6.2569210000000005e-05   5.6053430000000000e-04   1.2538310000000000e-03   1.2186619999999999e-03   5.6099180000000000e-04   6.3198349999999998e-05  -9.1314190000000003e-02  -1.7146520000000001e-01  -2.4056510000000000e-01  -2.4952980000000000e-01  -1.7634200000000000e-01  -9.4997180000000001e-02   6.2569620000000006e-05   5.6053460000000000e-04   1.2439490000000001e-03   1.2605979999999999e-03   5.6099180000000000e-04   6.3198349999999998e-05  -9.1314129999999993e-02  -1.7146520000000001e-01  -2.4056510000000000e-01  -2.4952980000000000e-01  -1.7634200000000000e-01  -9.4996460000000005e-02   6.2569629999999993e-05   5.6053500000000003e-04   1.4153289999999999e-03   1.2361960000000000e-03   5.6099180000000000e-04   6.3198349999999998e-05  -9.1314129999999993e-02  -1.7146520000000001e-01  -2.4056510000000000e-01  -2.4952980000000000e-01  -1.7634200000000000e-01  -9.4996390000000000e-02   6.2569629999999993e-05   5.6055210000000000e-04   1.2390000000000001e-03   1.2754540000000001e-03   5.6099180000000000e-04   6.3198349999999998e-05  -9.1314129999999993e-02  -1.7146520000000001e-01  -2.4056510000000000e-01  -2.4952980000000000e-01  -1.7634200000000000e-01  -9.4996280000000002e-02   6.2569629999999993e-05   5.6054870000000004e-04   1.4274570000000000e-03   1.2309820000000000e-03   5.6099180000000000e-04   6.3198349999999998e-05  -9.1314129999999993e-02  -1.7146520000000001e-01  -2.4056510000000000e-01  -2.4952980000000000e-01  -1.7634200000000000e-01  -9.4996090000000005e-02   6.2569629999999993e-05   5.6054070000000002e-04   1.2043869999999999e-03   1.2208379999999999e-03   5.6099180000000000e-04   6.3198349999999998e-05  -9.1314129999999993e-02  -1.7146520000000001e-01  -2.4056510000000000e-01  -2.4951670000000001e-01  -1.7632680000000001e-01  -9.4997590000000007e-02   6.2574349999999998e-05   5.6055229999999996e-04   1.2158670000000000e-03   1.2242650000000000e-03   5.6099180000000000e-04   6.3198280000000006e-05  -9.1314129999999993e-02  -1.7146680000000000e-01  -2.4056490000000000e-01  -2.0728360000000001e-01  -1.6749330000000001e-01  -8.7344870000000005e-02   6.2135830000000004e-05   5.6039320000000003e-04   1.2527000000000000e-03   1.2421279999999999e-03   5.6082210000000003e-04   6.2284970000000002e-05  -9.2707349999999994e-02  -1.7929809999999999e-01  -2.5056650000000003e-01   2.7503540000000002e+00   2.8275890000000001e+00   2.9172820000000002e+00   2.9907830000000000e+00   2.9913400000000001e+00   2.9920589999999998e+00   2.9956529999999999e+00   2.9949349999999999e+00   2.9943780000000002e+00   2.9294340000000001e+00   2.8470909999999998e+00   2.7728079999999999e+00   2.7583620000000000e+00   2.8334779999999999e+00   2.9187219999999998e+00   2.9926819999999998e+00   2.9932379999999998e+00   2.9939890000000000e+00   2.9939529999999999e+00   2.9932390000000000e+00   2.9926830000000000e+00   2.9223900000000000e+00   2.8384260000000001e+00   2.7674170000000000e+00   2.7583630000000001e+00   2.8334790000000001e+00   2.9187249999999998e+00   2.9926819999999998e+00   2.9932379999999998e+00   2.9939760000000000e+00   2.9939909999999998e+00   2.9932390000000000e+00   2.9926830000000000e+00   2.9223900000000000e+00   2.8384260000000001e+00   2.7674170000000000e+00   2.7583630000000001e+00   2.8334790000000001e+00   2.9187259999999999e+00   2.9926819999999998e+00   2.9932379999999998e+00   2.9941430000000002e+00   2.9939650000000002e+00   2.9932390000000000e+00   2.9926830000000000e+00   2.9223900000000000e+00   2.8384260000000001e+00   2.7674170000000000e+00   2.7583630000000001e+00   2.8334790000000001e+00   2.9187259999999999e+00   2.9926819999999998e+00   2.9932379999999998e+00   2.9939650000000002e+00   2.9939990000000001e+00   2.9932390000000000e+00   2.9926830000000000e+00   2.9223900000000000e+00   2.8384260000000001e+00   2.7674170000000000e+00   2.7583630000000001e+00   2.8334790000000001e+00   2.9187259999999999e+00   2.9926819999999998e+00   2.9932379999999998e+00   2.9941480000000000e+00   2.9939520000000002e+00   2.9932390000000000e+00   2.9926830000000000e+00   2.9223900000000000e+00   2.8384260000000001e+00   2.7674170000000000e+00   2.7583630000000001e+00   2.8334790000000001e+00   2.9187259999999999e+00   2.9926819999999998e+00   2.9932379999999998e+00   2.9939239999999998e+00   2.9939360000000002e+00   2.9932390000000000e+00   2.9926830000000000e+00   2.9223900000000000e+00   2.8384260000000001e+00   2.7674170000000000e+00   2.7583720000000000e+00   2.8334929999999998e+00   2.9187249999999998e+00   2.9926819999999998e+00   2.9932379999999998e+00   2.9939320000000000e+00   2.9939339999999999e+00   2.9932390000000000e+00   2.9926830000000000e+00   2.9223900000000000e+00   2.8384250000000000e+00   2.7674180000000002e+00   2.8013100000000000e+00   2.8430990000000000e+00   2.9271449999999999e+00   2.9943770000000001e+00   2.9949330000000001e+00   2.9956600000000000e+00   2.9920469999999999e+00   2.9913379999999998e+00   2.9907819999999998e+00   2.9201210000000000e+00   2.8294530000000000e+00   2.7565350000000000e+00
3.0  DSMEAS
  -3.0812370000000000e-01  -2.4521040000000000e-01  -1.7304860000000000e-01  -9.3109910000000004e-02   4.5517240000000001e-05   4.8520159999999998e-04   4.8310239999999998e-04   4.5465990000000001e-05  -8.3272050000000000e-02  -1.5706390000000001e-01  -2.2374590000000000e-01  -2.8459669999999998e-01  -2.9885070000000002e-01  -2.3819109999999999e-01  -1.6930750000000000e-01  -9.3439830000000001e-02   4.6078660000000000e-05   5.1764800000000000e-04   4.8247870000000002e-04   4.6486020000000003e-05  -8.9901339999999996e-02  -1.6541459999999999e-01  -2.3337780000000000e-01  -2.9153829999999997e-01  -2.9885380000000000e-01  -2.3819050000000000e-01  -1.6930480000000001e-01  -9.3414269999999994e-02   4.6078729999999999e-05   5.0776019999999996e-04   5.2440959999999997e-04   4.6486049999999999e-05  -8.9903440000000001e-02  -1.6541449999999999e-01  -2.3337780000000000e-01  -2.9153829999999997e-01  -2.9885380000000000e-01  -2.3819050000000000e-01  -1.6930419999999999e-01  -9.3399179999999998e-02   4.6079140000000000e-05   6.7913429999999996e-04   5.0000160000000001e-04   4.6486049999999999e-05  -8.9924340000000005e-02  -1.6541449999999999e-01  -2.3337780000000000e-01  -2.9153829999999997e-01  -2.9885380000000000e-01  -2.3819050000000000e-01  -1.6930410000000001e-01  -9.3354080000000006e-02   4.6096320000000003e-05   5.0279820000000001e-04   5.3925279999999999e-04   4.6486029999999997e-05  -8.9922569999999993e-02  -1.6541449999999999e-01  -2.3337780000000000e-01  -2.9153829999999997e-01  -2.9885380000000000e-01  -2.3819050000000000e-01  -1.6930400000000001e-01  -9.3382709999999994e-02   4.6092869999999998e-05   6.9124629999999996e-04   4.9477280000000004e-04   4.6486039999999998e-05  -8.9908059999999998e-02  -1.6541449999999999e-01  -2.3337780000000000e-01  -2.9153829999999997e-01  -2.9885380000000000e-01  -2.3819050000000000e-01  -1.6930380000000000e-01  -9.3414239999999996e-02   4.6084890000000003e-05   4.6816769999999999e-04   4.8461950000000000e-04   4.6486020000000003e-05  -8.9900490000000000e-02  -1.6541449999999999e-01  -2.3337780000000000e-01  -2.9153829999999997e-01  -2.9882930000000002e-01  -2.3817610000000000e-01  -1.6930439999999999e-01  -9.3387689999999995e-02   4.6096010000000001e-05   4.7963820000000002e-04   4.8803770000000000e-04   4.6486070000000000e-05  -8.9918890000000001e-02  -1.6541449999999999e-01  -2.3337949999999999e-01  -2.9153800000000002e-01  -2.5890780000000002e-01  -2.2710340000000001e-01  -1.5907879999999999e-01  -8.5161260000000003e-02   4.5512570000000000e-05   5.1651150000000005e-04   5.0587240000000001e-04   4.5485540000000000e-05  -9.0471839999999998e-02  -1.7011509999999999e-01  -2.4325649999999999e-01  -3.0265690000000001e-01   2.6973929999999999e+00   2.7620469999999999e+00   2.8360040000000000e+00   2.9196650000000002e+00   2.9907590000000002e+00   2.9912429999999999e+00   2.9948370000000000e+00   2.9943540000000000e+00   2.9313030000000002e+00   2.8539560000000002e+00   2.7855080000000001e+00   2.7232110000000000e+00   2.7073700000000001e+00   2.7700619999999998e+00   2.8407309999999999e+00   2.9202240000000002e+00   2.9926580000000000e+00   2.9931730000000001e+00   2.9931380000000001e+00   2.9926580000000000e+00   2.9237630000000001e+00   2.8446709999999999e+00   2.7749340000000000e+00   2.7151879999999999e+00   2.7073659999999999e+00   2.7700619999999998e+00   2.8407339999999999e+00   2.9202400000000002e+00   2.9926580000000000e+00   2.9931610000000002e+00   2.9931760000000001e+00   2.9926580000000000e+00   2.9237579999999999e+00   2.8446709999999999e+00   2.7749350000000002e+00   2.7151879999999999e+00   2.7073659999999999e+00   2.7700619999999998e+00   2.8407339999999999e+00   2.9202520000000001e+00   2.9926580000000000e+00   2.9933280000000000e+00   2.9931500000000000e+00   2.9926580000000000e+00   2.9237419999999998e+00   2.8446709999999999e+00   2.7749350000000002e+00   2.7151879999999999e+00   2.7073659999999999e+00   2.7700619999999998e+00   2.8407339999999999e+00   2.9202770000000000e+00   2.9926580000000000e+00   2.9931500000000000e+00   2.9931839999999998e+00   2.9926580000000000e+00   2.9237489999999999e+00   2.8446709999999999e+00   2.7749350000000002e+00   2.7151879999999999e+00   2.7073659999999999e+00   2.7700619999999998e+00   2.8407350000000000e+00   2.9202770000000000e+00   2.9926580000000000e+00   2.9933329999999998e+00   2.9931369999999999e+00   2.9926580000000000e+00   2.9237489999999999e+00   2.8446709999999999e+00   2.7749350000000002e+00   2.7151879999999999e+00   2.7073659999999999e+00   2.7700619999999998e+00   2.8407350000000000e+00   2.9202520000000001e+00   2.9926580000000000e+00   2.9931090000000000e+00   2.9931199999999998e+00   2.9926580000000000e+00   2.9237530000000000e+00   2.8446709999999999e+00   2.7749350000000002e+00   2.7151879999999999e+00   2.7073870000000002e+00   2.7700760000000000e+00   2.8407339999999999e+00   2.9202680000000001e+00   2.9926580000000000e+00   2.9931169999999998e+00   2.9931190000000001e+00   2.9926580000000000e+00   2.9237370000000000e+00   2.8446709999999999e+00   2.7749329999999999e+00   2.7151879999999999e+00   2.7481659999999999e+00   2.7819129999999999e+00   2.8517649999999999e+00   2.9293300000000002e+00   2.9943529999999998e+00   2.9948450000000002e+00   2.9912310000000000e+00   2.9907580000000000e+00   2.9222839999999999e+00   2.8388920000000000e+00   2.7638989999999999e+00   2.7031350000000001e+00
3.0  DSMEAS
  -3.4590710000000002e-01  -2.9971049999999999e-01  -2.3803690000000000e-01  -1.7027999999999999e-01  -9.5893110000000004e-02   2.2361370000000000e-05   2.1006810000000001e-05  -8.6061090000000007e-02  -1.5520880000000001e-01  -2.1791369999999999e-01  -2.7655750000000001e-01  -3.2139370000000000e-01  -3.3494940000000001e-01  -2.9153240000000002e-01  -2.3198620000000000e-01  -1.6779450000000001e-01  -9.6932190000000001e-02   5.2680050000000001e-05   1.9384919999999999e-05  -9.3524289999999996e-02  -1.6419059999999999e-01  -2.2808070000000000e-01  -2.8759520000000000e-01  -3.2868639999999999e-01  -3.3495239999999998e-01  -2.9153160000000000e-01  -2.3198379999999999e-01  -1.6777500000000001e-01  -9.6922179999999997e-02   5.2242179999999998e-05   5.9677540000000002e-05  -9.3563740000000006e-02  -1.6420499999999999e-01  -2.2808070000000000e-01  -2.8759520000000000e-01  -3.2868639999999999e-01  -3.3495239999999998e-01  -2.9153160000000000e-01  -2.3198320000000000e-01  -1.6774259999999999e-01  -9.6940209999999999e-02   2.1397730000000001e-04   3.6637980000000003e-05  -9.3519859999999996e-02  -1.6421069999999999e-01  -2.2808070000000000e-01  -2.8759520000000000e-01  -3.2868639999999999e-01  -3.3495239999999998e-01  -2.9153160000000000e-01  -2.3198320000000000e-01  -1.6773210000000000e-01  -9.6421720000000002e-02   3.7337530000000002e-05   7.5013259999999999e-05  -9.3559219999999998e-02  -1.6426579999999999e-01  -2.2808070000000000e-01  -2.8759520000000000e-01  -3.2868639999999999e-01  -3.3495239999999998e-01  -2.9153160000000000e-01  -2.3198310000000000e-01  -1.6774169999999999e-01  -9.6781599999999995e-02   2.2418140000000000e-04   2.9871560000000001e-05  -9.3562339999999994e-02  -1.6421580000000000e-01  -2.2808070000000000e-01  -2.8759520000000000e-01  -3.2868639999999999e-01  -3.3495239999999998e-01  -2.9153160000000000e-01  -2.3198279999999999e-01  -1.6777110000000001e-01  -9.6626920000000005e-02   1.7561390000000000e-05   2.0810880000000000e-05  -9.3540269999999995e-02  -1.6424469999999999e-01  -2.2808070000000000e-01  -2.8759520000000000e-01  -3.2868639999999999e-01  -3.3492000000000000e-01  -2.9151820000000001e-01  -2.3198299999999999e-01  -1.6774280000000000e-01  -9.8010700000000006e-02   3.3951949999999999e-05   2.3243989999999999e-05  -9.3573249999999997e-02  -1.6424169999999999e-01  -2.2808070000000000e-01  -2.8759720000000000e-01  -3.2868609999999998e-01  -2.9881679999999999e-01  -2.7798770000000000e-01  -2.1964539999999999e-01  -1.5677720000000001e-01  -8.7538190000000002e-02   5.0900070000000002e-05   4.1520239999999999e-05  -9.3509400000000006e-02  -1.6766539999999999e-01  -2.3525560000000001e-01  -2.9809310000000000e-01  -3.4078770000000003e-01   2.6590410000000002e+00   2.7061489999999999e+00   2.7693490000000001e+00   2.8386640000000001e+00   2.9166159999999999e+00   2.9907240000000002e+00   2.9943190000000000e+00   2.9282970000000001e+00   2.8557800000000002e+00   2.7914509999999999e+00   2.7314500000000002e+00   2.6857090000000001e+00   2.6708509999999999e+00   2.7151809999999998e+00   2.7763849999999999e+00   2.8422839999999998e+00   2.9164859999999999e+00   2.9926550000000001e+00   2.9926200000000001e+00   2.9198620000000002e+00   2.8459310000000002e+00   2.7803369999999998e+00   2.7195010000000002e+00   2.6773189999999998e+00   2.6708470000000002e+00   2.7151820000000000e+00   2.7763879999999999e+00   2.8423039999999999e+00   2.9164970000000001e+00   2.9926430000000002e+00   2.9926580000000000e+00   2.9198559999999998e+00   2.8459159999999999e+00   2.7803369999999998e+00   2.7195010000000002e+00   2.6773189999999998e+00   2.6708470000000002e+00   2.7151820000000000e+00   2.7763879999999999e+00   2.8423340000000001e+00   2.9165000000000001e+00   2.9928089999999998e+00   2.9926309999999998e+00   2.9198610000000000e+00   2.8459110000000001e+00   2.7803369999999998e+00   2.7195010000000002e+00   2.6773189999999998e+00   2.6708470000000002e+00   2.7151820000000000e+00   2.7763879999999999e+00   2.8423449999999999e+00   2.9166180000000002e+00   2.9926309999999998e+00   2.9926650000000001e+00   2.9198640000000000e+00   2.8458580000000002e+00   2.7803369999999998e+00   2.7195010000000002e+00   2.6773189999999998e+00   2.6708470000000002e+00   2.7151820000000000e+00   2.7763890000000000e+00   2.8423330000000000e+00   2.9165850000000000e+00   2.9928140000000001e+00   2.9926179999999998e+00   2.9198320000000000e+00   2.8459059999999998e+00   2.7803369999999998e+00   2.7195010000000002e+00   2.6773189999999998e+00   2.6708470000000002e+00   2.7151820000000000e+00   2.7763890000000000e+00   2.8423069999999999e+00   2.9166400000000001e+00   2.9925869999999999e+00   2.9926020000000002e+00   2.9198599999999999e+00   2.8458779999999999e+00   2.7803369999999998e+00   2.7195010000000002e+00   2.6773189999999998e+00   2.6708759999999998e+00   2.7151950000000000e+00   2.7763890000000000e+00   2.8423340000000001e+00   2.9154979999999999e+00   2.9926029999999999e+00   2.9925999999999999e+00   2.9198369999999998e+00   2.8458809999999999e+00   2.7803369999999998e+00   2.7194989999999999e+00   2.6773189999999998e+00   2.7075320000000000e+00   2.7297349999999998e+00   2.7895070000000000e+00   2.8540109999999999e+00   2.9267010000000000e+00   2.9943260000000000e+00   2.9907119999999998e+00   2.9189940000000001e+00   2.8412419999999998e+00   2.7720259999999999e+00   2.7076660000000001e+00   2.6642160000000001e+00
3.0  DSMEAS
  -3.7768109999999999e-01  -3.3939310000000000e-01  -2.9418620000000001e-01  -2.3547230000000000e-01  -1.7235900000000001e-01  -9.9512260000000005e-02  -9.5684080000000005e-02  -1.5742850000000000e-01  -2.1631900000000001e-01  -2.7169620000000000e-01  -3.1537870000000001e-01  -3.5229549999999998e-01  -3.6561529999999998e-01  -3.2969290000000001e-01  -2.8677019999999998e-01  -2.3064730000000000e-01  -1.7030100000000001e-01  -7.0799660000000000e-02  -1.0236330000000000e-01  -1.6685639999999999e-01  -2.2701900000000000e-01  -2.8342960000000000e-01  -3.2646550000000002e-01  -3.5988480000000000e-01  -3.6561850000000001e-01  -3.2969199999999999e-01  -2.8676790000000002e-01  -2.3062949999999999e-01  -1.7047499999999999e-01  -8.2328410000000005e-02  -8.4152409999999997e-02  -1.6684840000000001e-01  -2.2703209999999999e-01  -2.8342960000000000e-01  -3.2646550000000002e-01  -3.5988480000000000e-01  -3.6561850000000001e-01  -3.2969199999999999e-01  -2.8676740000000001e-01  -2.3060069999999999e-01  -1.7038429999999999e-01   8.8111860000000003e-05  -3.8196189999999998e-02  -1.6685300000000000e-01  -2.2703730000000000e-01  -2.8342960000000000e-01  -3.2646550000000002e-01  -3.5988480000000000e-01  -3.6561850000000001e-01  -3.2969199999999999e-01  -2.8676740000000001e-01  -2.3059140000000000e-01  -1.6857030000000001e-01  -9.9437239999999996e-02  -4.1412890000000001e-02  -1.6685090000000000e-01  -2.2708570000000000e-01  -2.8342960000000000e-01  -3.2646550000000002e-01  -3.5988480000000000e-01  -3.6561850000000001e-01  -3.2969199999999999e-01  -2.8676730000000000e-01  -2.3060020000000001e-01  -1.7015379999999999e-01  -1.3157769999999999e-02  -8.3720320000000001e-02  -1.6689979999999999e-01  -2.2704199999999999e-01  -2.8342960000000000e-01  -3.2646550000000002e-01  -3.5988480000000000e-01  -3.6561850000000001e-01  -3.2969199999999999e-01  -2.8676699999999999e-01  -2.3062589999999999e-01  -1.6998990000000000e-01  -1.0434520000000000e-01  -9.8324330000000001e-02  -1.6680940000000000e-01  -2.2706760000000001e-01  -2.8342960000000000e-01  -3.2646550000000002e-01  -3.5988480000000000e-01  -3.6558299999999999e-01  -3.2967900000000000e-01  -2.8676720000000000e-01  -2.3060030000000001e-01  -1.7170969999999999e-01  -9.1217759999999995e-02  -9.6480270000000007e-02  -1.6685610000000001e-01  -2.2706540000000000e-01  -2.8342960000000000e-01  -3.2646770000000003e-01  -3.5988450000000000e-01  -3.3100669999999999e-01  -3.1565510000000002e-01  -2.7192450000000001e-01  -2.1757399999999999e-01  -1.5855800000000000e-01  -6.3843960000000005e-02  -7.7918100000000004e-02  -1.7013360000000000e-01  -2.3309089999999999e-01  -2.9195880000000002e-01  -3.3733190000000002e-01  -3.7273460000000003e-01   2.6272000000000002e+00   2.6657829999999998e+00   2.7118150000000001e+00   2.7719410000000000e+00   2.8364569999999998e+00   2.9125109999999999e+00   2.9185300000000001e+00   2.8534220000000001e+00   2.7930679999999999e+00   2.7364280000000001e+00   2.6917309999999999e+00   2.6546850000000002e+00   2.6401409999999998e+00   2.6763479999999999e+00   2.7201399999999998e+00   2.7777479999999999e+00   2.8395660000000000e+00   2.9409990000000001e+00   2.9104649999999999e+00   2.8430810000000002e+00   2.7814160000000001e+00   2.7238389999999999e+00   2.6796899999999999e+00   2.6460020000000002e+00   2.6401370000000002e+00   2.6763490000000001e+00   2.7201420000000001e+00   2.7777660000000002e+00   2.8394270000000001e+00   2.9311430000000001e+00   2.9273120000000001e+00   2.8430920000000000e+00   2.7814030000000001e+00   2.7238389999999999e+00   2.6796899999999999e+00   2.6460020000000002e+00   2.6401370000000002e+00   2.6763490000000001e+00   2.7201430000000002e+00   2.7777940000000001e+00   2.8394949999999999e+00   2.9925700000000002e+00   2.9671249999999998e+00   2.8430620000000002e+00   2.7813979999999998e+00   2.7238389999999999e+00   2.6796899999999999e+00   2.6460020000000002e+00   2.6401370000000002e+00   2.6763490000000001e+00   2.7201430000000002e+00   2.7778030000000000e+00   2.8411460000000002e+00   2.9135730000000000e+00   2.9645009999999998e+00   2.8430810000000002e+00   2.7813509999999999e+00   2.7238389999999999e+00   2.6796899999999999e+00   2.6460020000000002e+00   2.6401370000000002e+00   2.6763490000000001e+00   2.7201430000000002e+00   2.7777940000000001e+00   2.8397190000000001e+00   2.9919490000000000e+00   2.9228980000000000e+00   2.8430360000000001e+00   2.7813930000000000e+00   2.7238389999999999e+00   2.6796899999999999e+00   2.6460020000000002e+00   2.6401370000000002e+00   2.6763490000000001e+00   2.7201430000000002e+00   2.7777699999999999e+00   2.8398200000000000e+00   2.9083420000000002e+00   2.9142910000000000e+00   2.8430960000000001e+00   2.7813690000000002e+00   2.7238389999999999e+00   2.6796899999999999e+00   2.6460020000000002e+00   2.6401690000000002e+00   2.6763610000000000e+00   2.7201430000000002e+00   2.7777949999999998e+00   2.8382060000000000e+00   2.9223119999999998e+00   2.9155169999999999e+00   2.8430550000000001e+00   2.7813710000000000e+00   2.7238389999999999e+00   2.6796880000000001e+00   2.6460020000000002e+00   2.6752020000000001e+00   2.6912810000000000e+00   2.7359879999999999e+00   2.7916040000000000e+00   2.8521049999999999e+00   2.9475270000000000e+00   2.9329040000000002e+00   2.8386969999999998e+00   2.7742149999999999e+00   2.7139859999999998e+00   2.6675819999999999e+00   2.6321240000000001e+00
3.0  DSMEAS
  -4.0607169999999998e-01  -3.7204130000000002e-01  -3.3514769999999999e-01  -2.9215360000000001e-01  -2.3692859999999999e-01  -1.7536340000000000e-01  -1.6696549999999999e-01  -2.1791659999999999e-01  -2.7032279999999997e-01  -3.1181379999999997e-01  -3.4687319999999999e-01  -3.7959050000000000e-01  -3.9312320000000001e-01  -3.6133660000000001e-01  -3.2603880000000002e-01  -2.8572589999999998e-01  -2.3245800000000000e-01  -1.3137070000000001e-01  -1.7459859999999999e-01  -2.2915949999999999e-01  -2.8258280000000002e-01  -3.2334469999999998e-01  -3.5844589999999998e-01  -3.8773639999999998e-01  -3.9312659999999999e-01  -3.6133569999999998e-01  -3.2603680000000002e-01  -2.8570990000000002e-01  -2.3266890000000001e-01  -1.5735779999999999e-01  -1.5211669999999999e-01  -2.2913439999999999e-01  -2.8259450000000003e-01  -3.2334469999999998e-01  -3.5844589999999998e-01  -3.8773639999999998e-01  -3.9312659999999999e-01  -3.6133569999999998e-01  -3.2603630000000000e-01  -2.8568389999999999e-01  -2.3257539999999999e-01   2.6381480000000000e-05  -1.0390460000000000e-01  -2.2915630000000001e-01  -2.8259940000000000e-01  -3.2334469999999998e-01  -3.5844589999999998e-01  -3.8773639999999998e-01  -3.9312659999999999e-01  -3.6133569999999998e-01  -3.2603630000000000e-01  -2.8567609999999999e-01  -2.2946739999999999e-01  -1.7266470000000000e-01  -9.4581760000000001e-02  -2.2913929999999999e-01  -2.8264180000000000e-01  -3.2334469999999998e-01  -3.5844589999999998e-01  -3.8773639999999998e-01  -3.9312659999999999e-01  -3.6133569999999998e-01  -3.2603620000000000e-01  -2.8568389999999999e-01  -2.3237369999999999e-01  -1.0878390000000000e-01  -1.3333360000000000e-01  -2.2921980000000000e-01  -2.8260360000000001e-01  -3.2334469999999998e-01  -3.5844589999999998e-01  -3.8773639999999998e-01  -3.9312659999999999e-01  -3.6133569999999998e-01  -3.2603589999999999e-01  -2.8570649999999997e-01  -2.3241899999999999e-01  -1.7616260000000000e-01  -1.7048949999999999e-01  -2.2911390000000001e-01  -2.8262650000000000e-01  -3.2334469999999998e-01  -3.5844589999999998e-01  -3.8773639999999998e-01  -3.9308979999999999e-01  -3.6132320000000001e-01  -3.2603599999999999e-01  -2.8568310000000002e-01  -2.3374039999999999e-01  -1.6511480000000001e-01  -1.6337479999999999e-01  -2.2912479999999999e-01  -2.8262480000000001e-01  -3.2334469999999998e-01  -3.5844809999999999e-01  -3.8773609999999997e-01  -3.5932870000000000e-01  -3.4664660000000003e-01  -3.1105040000000000e-01  -2.7013809999999999e-01  -2.1867950000000000e-01  -1.2809280000000001e-01  -1.5320110000000001e-01  -2.3484980000000000e-01  -2.9024759999999999e-01  -3.3260600000000001e-01  -3.6987320000000001e-01  -4.0124599999999999e-01   2.5988910000000001e+00   2.6330070000000001e+00   2.6700710000000001e+00   2.7138939999999998e+00   2.7703180000000001e+00   2.8335819999999998e+00   2.8440669999999999e+00   2.7913190000000001e+00   2.7378119999999999e+00   2.6953149999999999e+00   2.6600860000000002e+00   2.6274400000000000e+00   2.6127129999999998e+00   2.6446130000000001e+00   2.6800299999999999e+00   2.7212369999999999e+00   2.7758180000000001e+00   2.8748800000000001e+00   2.8351190000000002e+00   2.7792110000000001e+00   2.7247129999999999e+00   2.6828349999999999e+00   2.6475629999999999e+00   2.6181950000000001e+00   2.6127080000000000e+00   2.6446139999999998e+00   2.6800320000000002e+00   2.7212529999999999e+00   2.7756189999999998e+00   2.8520889999999999e+00   2.8564729999999998e+00   2.7792300000000001e+00   2.7247020000000002e+00   2.6828349999999999e+00   2.6475629999999999e+00   2.6181950000000001e+00   2.6127080000000000e+00   2.6446139999999998e+00   2.6800320000000002e+00   2.7212770000000002e+00   2.7756880000000002e+00   2.9907930000000000e+00   2.9031169999999999e+00   2.7792119999999998e+00   2.7246969999999999e+00   2.6828349999999999e+00   2.6475629999999999e+00   2.6181950000000001e+00   2.6127080000000000e+00   2.6446139999999998e+00   2.6800320000000002e+00   2.7212850000000000e+00   2.7787400000000000e+00   2.8376229999999998e+00   2.9078550000000001e+00   2.7792260000000000e+00   2.7246560000000000e+00   2.6828349999999999e+00   2.6475629999999999e+00   2.6181950000000001e+00   2.6127080000000000e+00   2.6446139999999998e+00   2.6800329999999999e+00   2.7212779999999999e+00   2.7759520000000002e+00   2.9027669999999999e+00   2.8713669999999998e+00   2.7791610000000002e+00   2.7246929999999998e+00   2.6828349999999999e+00   2.6475629999999999e+00   2.6181950000000001e+00   2.6127080000000000e+00   2.6446139999999998e+00   2.6800329999999999e+00   2.7212559999999999e+00   2.7759369999999999e+00   2.8333480000000000e+00   2.8394020000000002e+00   2.7792509999999999e+00   2.7246709999999998e+00   2.6828349999999999e+00   2.6475629999999999e+00   2.6181950000000001e+00   2.6127410000000002e+00   2.6446260000000001e+00   2.6800329999999999e+00   2.7212790000000000e+00   2.7745389999999999e+00   2.8444929999999999e+00   2.8450950000000002e+00   2.7792469999999998e+00   2.7246720000000000e+00   2.6828349999999999e+00   2.6475599999999999e+00   2.6181950000000001e+00   2.6469190000000000e+00   2.6601620000000001e+00   2.6959190000000000e+00   2.7378200000000001e+00   2.7903240000000000e+00   2.8800450000000000e+00   2.8543189999999998e+00   2.7722880000000001e+00   2.7157410000000000e+00   2.6723110000000001e+00   2.6349130000000001e+00   2.6036480000000002e+00
3.0  DSMEAS
  -4.3216300000000002e-01  -4.0097579999999999e-01  -3.6837710000000001e-01  -3.3354929999999999e-01  -2.9295139999999997e-01  -2.3992669999999999e-01  -2.2751440000000001e-01  -2.7145409999999998e-01  -3.1079899999999999e-01  -3.4380830000000001e-01  -3.7467929999999999e-01  -4.0456809999999999e-01  -4.1846369999999999e-01  -3.8945089999999999e-01  -3.5816779999999998e-01  -3.2524860000000000e-01  -2.8713850000000002e-01  -1.8054190000000001e-01  -2.3505100000000001e-01  -2.8433380000000003e-01  -3.2271450000000002e-01  -3.5575770000000001e-01  -3.8677719999999999e-01  -4.1332249999999998e-01  -4.1846749999999999e-01  -3.8945000000000002e-01  -3.5816589999999998e-01  -3.2523429999999998e-01  -2.8732010000000002e-01  -2.2032560000000001e-01  -2.0997610000000000e-01  -2.8431469999999998e-01  -3.2272469999999998e-01  -3.5575770000000001e-01  -3.8677709999999998e-01  -4.1332249999999998e-01  -4.1846749999999999e-01  -3.8945000000000002e-01  -3.5816550000000003e-01  -3.2521060000000002e-01  -2.8723589999999999e-01  -4.9711760000000001e-02  -1.6176830000000000e-01  -2.8433239999999999e-01  -3.2272970000000001e-01  -3.5575770000000001e-01  -3.8677709999999998e-01  -4.1332249999999998e-01  -4.1846749999999999e-01  -3.8945000000000002e-01  -3.5816540000000002e-01  -3.2520369999999998e-01  -2.8368420000000000e-01  -2.3516519999999999e-01  -1.4571319999999999e-01  -2.8431940000000000e-01  -3.2276709999999997e-01  -3.5575770000000001e-01  -3.8677709999999998e-01  -4.1332249999999998e-01  -4.1846749999999999e-01  -3.8945000000000002e-01  -3.5816530000000002e-01  -3.2521090000000002e-01  -2.8695830000000000e-01  -1.7821560000000000e-01  -1.8393630000000000e-01  -2.8438750000000002e-01  -3.2273340000000000e-01  -3.5575770000000001e-01  -3.8677709999999998e-01  -4.1332249999999998e-01  -4.1846749999999999e-01  -3.8945000000000002e-01  -3.5816510000000001e-01  -3.2523120000000000e-01  -2.8729820000000000e-01  -2.3766080000000001e-01  -2.3184040000000000e-01  -2.8429700000000002e-01  -3.2275389999999998e-01  -3.5575770000000001e-01  -3.8677709999999998e-01  -4.1332249999999998e-01  -4.1843010000000003e-01  -3.8943810000000001e-01  -3.5816510000000001e-01  -3.2521000000000000e-01  -2.8855680000000000e-01  -2.2740700000000000e-01  -2.2004499999999999e-01  -2.8430549999999999e-01  -3.2275239999999999e-01  -3.5575770000000001e-01  -3.8677940000000000e-01  -4.1332219999999997e-01  -3.8515959999999999e-01  -3.7414829999999999e-01  -3.4264339999999999e-01  -3.0967149999999999e-01  -2.7068650000000000e-01  -1.8296889999999999e-01  -2.1716510000000000e-01  -2.9129040000000000e-01  -3.3127909999999999e-01  -3.6576370000000002e-01  -3.9878019999999997e-01  -4.2743310000000001e-01   2.5729470000000001e+00   2.6041330000000000e+00   2.6366719999999999e+00   2.6716730000000002e+00   2.7129599999999998e+00   2.7674400000000001e+00   2.7819250000000002e+00   2.7365910000000002e+00   2.6963240000000002e+00   2.6631399999999998e+00   2.6323150000000002e+00   2.6025790000000000e+00   2.5875100000000000e+00   2.6165620000000001e+00   2.6477810000000002e+00   2.6808280000000000e+00   2.7197510000000000e+00   2.8243920000000000e+00   2.7733080000000001e+00   2.7228850000000002e+00   2.6834660000000001e+00   2.6502479999999999e+00   2.6192700000000002e+00   2.5927259999999999e+00   2.5875050000000002e+00   2.6165630000000002e+00   2.6477830000000000e+00   2.6808420000000002e+00   2.7195770000000001e+00   2.7881119999999999e+00   2.7972269999999999e+00   2.7229019999999999e+00   2.6834560000000001e+00   2.6502479999999999e+00   2.6192709999999999e+00   2.5927259999999999e+00   2.5875050000000002e+00   2.6165630000000002e+00   2.6477840000000001e+00   2.6808649999999998e+00   2.7196600000000002e+00   2.9573160000000001e+00   2.8438150000000002e+00   2.7228840000000001e+00   2.6834509999999998e+00   2.6502479999999999e+00   2.6192709999999999e+00   2.5927259999999999e+00   2.5875050000000002e+00   2.6165630000000002e+00   2.6477840000000001e+00   2.6808709999999998e+00   2.7234820000000002e+00   2.7738939999999999e+00   2.8584800000000001e+00   2.7228979999999998e+00   2.6834159999999998e+00   2.6502479999999999e+00   2.6192709999999999e+00   2.5927259999999999e+00   2.5875050000000002e+00   2.6165630000000002e+00   2.6477840000000001e+00   2.6808640000000001e+00   2.7199719999999998e+00   2.8305940000000001e+00   2.8221930000000000e+00   2.7228319999999999e+00   2.6834479999999998e+00   2.6502479999999999e+00   2.6192709999999999e+00   2.5927259999999999e+00   2.5875050000000002e+00   2.6165630000000002e+00   2.6477840000000001e+00   2.6808450000000001e+00   2.7196989999999999e+00   2.7703620000000000e+00   2.7768039999999998e+00   2.7229190000000001e+00   2.6834280000000001e+00   2.6502479999999999e+00   2.6192709999999999e+00   2.5927259999999999e+00   2.5875390000000000e+00   2.6165750000000001e+00   2.6477840000000001e+00   2.6808660000000000e+00   2.7185269999999999e+00   2.7804050000000000e+00   2.7870620000000002e+00   2.7229100000000002e+00   2.6834289999999998e+00   2.6502479999999999e+00   2.6192679999999999e+00   2.5927270000000000e+00   2.6212010000000001e+00   2.6326980000000000e+00   2.6641610000000000e+00   2.6973039999999999e+00   2.7371919999999998e+00   2.8236800000000000e+00   2.7887740000000001e+00   2.7145329999999999e+00   2.6736320000000000e+00   2.6389939999999998e+00   2.6060590000000001e+00   2.5775779999999999e+00
3.0  DSMEAS
  -4.5653090000000002e-01  -4.2742690000000000e-01  -3.9764709999999998e-01  -3.6695299999999997e-01  -3.3404250000000002e-01  -2.9539799999999999e-01  -2.8069569999999999e-01  -3.1155680000000002e-01  -3.4290949999999998e-01  -3.7189630000000001e-01  -4.0005649999999998e-01  -4.2785139999999999e-01  -4.4217139999999999e-01  -4.1519040000000002e-01  -3.8656320000000000e-01  -3.5746220000000001e-01  -3.2626080000000002e-01  -2.2494629999999999e-01  -2.8842940000000000e-01  -3.2398559999999998e-01  -3.5519180000000000e-01  -3.8433390000000001e-01  -4.1267359999999997e-01  -4.3721569999999998e-01  -4.4217550000000000e-01  -4.1518949999999999e-01  -3.8656130000000000e-01  -3.5744880000000001e-01  -3.2642769999999999e-01  -2.7488180000000001e-01  -2.6139190000000001e-01  -3.2396880000000000e-01  -3.5520130000000000e-01  -3.8433390000000001e-01  -4.1267359999999997e-01  -4.3721569999999998e-01  -4.4217550000000000e-01  -4.1518949999999999e-01  -3.8656099999999999e-01  -3.5742649999999998e-01  -3.2634710000000000e-01  -1.1136560000000000e-01  -2.1200260000000001e-01  -3.2398349999999998e-01  -3.5520620000000003e-01  -3.8433390000000001e-01  -4.1267359999999997e-01  -4.3721569999999998e-01  -4.4217550000000000e-01  -4.1518949999999999e-01  -3.8656089999999999e-01  -3.5742020000000002e-01  -3.2544240000000002e-01  -2.8997030000000001e-01  -1.9758809999999999e-01  -3.2397450000000000e-01  -3.5524060000000002e-01  -3.8433390000000001e-01  -4.1267359999999997e-01  -4.3721569999999998e-01  -4.4217550000000000e-01  -4.1518949999999999e-01  -3.8656079999999998e-01  -3.5742699999999999e-01  -3.2599650000000002e-01  -2.3769860000000001e-01  -2.3461330000000000e-01  -3.2403389999999999e-01  -3.5520970000000002e-01  -3.8433390000000001e-01  -4.1267359999999997e-01  -4.3721569999999998e-01  -4.4217550000000000e-01  -4.1518949999999999e-01  -3.8656059999999998e-01  -3.5744579999999998e-01  -3.2697920000000003e-01  -2.9070730000000000e-01  -2.8555390000000003e-01  -3.2395289999999999e-01  -3.5522860000000001e-01  -3.8433390000000001e-01  -4.1267359999999997e-01  -4.3721569999999998e-01  -4.4213809999999998e-01  -4.1517799999999999e-01  -3.8656059999999998e-01  -3.5742600000000002e-01  -3.2872240000000003e-01  -2.8012949999999998e-01  -2.7134490000000000e-01  -3.2396110000000000e-01  -3.5522740000000003e-01  -3.8433380000000000e-01  -4.1267569999999998e-01  -4.3721539999999998e-01  -4.0917670000000000e-01  -3.9932050000000002e-01  -3.7049490000000002e-01  -3.4141210000000000e-01  -3.0998120000000001e-01  -2.3196149999999999e-01  -2.7323649999999999e-01  -3.3198369999999999e-01  -3.6457800000000001e-01  -3.9503600000000000e-01  -4.2523780000000000e-01  -4.5188329999999999e-01   2.5487639999999998e+00   2.5778219999999998e+00   2.6074480000000002e+00   2.6380859999999999e+00   2.6711640000000001e+00   2.7105910000000000e+00   2.7274110000000000e+00   2.6955360000000002e+00   2.6640280000000001e+00   2.6350780000000000e+00   2.6070509999999998e+00   2.5794489999999999e+00   2.5639750000000001e+00   2.5909559999999998e+00   2.6194380000000002e+00   2.6484880000000000e+00   2.6798009999999999e+00   2.7792020000000002e+00   2.7188979999999998e+00   2.6821799999999998e+00   2.6508099999999999e+00   2.6217020000000000e+00   2.5934930000000000e+00   2.5689910000000000e+00   2.5639690000000002e+00   2.5909570000000000e+00   2.6194400000000000e+00   2.6485010000000000e+00   2.6796430000000000e+00   2.7323210000000002e+00   2.7449569999999999e+00   2.6821950000000001e+00   2.6508010000000000e+00   2.6217020000000000e+00   2.5934930000000000e+00   2.5689910000000000e+00   2.5639690000000002e+00   2.5909570000000000e+00   2.6194410000000001e+00   2.6485219999999998e+00   2.6797209999999998e+00   2.8933710000000001e+00   2.7925360000000001e+00   2.6821799999999998e+00   2.6507960000000002e+00   2.6217020000000000e+00   2.5934930000000000e+00   2.5689910000000000e+00   2.5639690000000002e+00   2.5909570000000000e+00   2.6194410000000001e+00   2.6485280000000002e+00   2.6809490000000000e+00   2.7181440000000001e+00   2.8051789999999999e+00   2.6821899999999999e+00   2.6507630000000000e+00   2.6217020000000000e+00   2.5934930000000000e+00   2.5689910000000000e+00   2.5639690000000002e+00   2.5909570000000000e+00   2.6194410000000001e+00   2.6485219999999998e+00   2.6800950000000001e+00   2.7696820000000000e+00   2.7709640000000002e+00   2.6821329999999999e+00   2.6507930000000002e+00   2.6217020000000000e+00   2.5934930000000000e+00   2.5689910000000000e+00   2.5639690000000002e+00   2.5909570000000000e+00   2.6194410000000001e+00   2.6485040000000000e+00   2.6791830000000001e+00   2.7159700000000000e+00   2.7222569999999999e+00   2.6822100000000000e+00   2.6507749999999999e+00   2.6217020000000000e+00   2.5934930000000000e+00   2.5689910000000000e+00   2.5640040000000002e+00   2.5909680000000002e+00   2.6194410000000001e+00   2.6485230000000000e+00   2.6774309999999999e+00   2.7264710000000001e+00   2.7352059999999998e+00   2.6822020000000002e+00   2.6507760000000000e+00   2.6217020000000000e+00   2.5934910000000002e+00   2.5689920000000002e+00   2.5973370000000000e+00   2.6076359999999998e+00   2.6363330000000000e+00   2.6653859999999998e+00   2.6969699999999999e+00   2.7739549999999999e+00   2.7314180000000001e+00   2.6729080000000001e+00   2.6401669999999999e+00   2.6097640000000002e+00   2.5797330000000001e+00   2.5532889999999999e+00
