           1   1.0666666666667268E-002
           2   8.3333333333334512E-003
           3   8.3333333333316748E-003
           4   8.3333333333340427E-003
           5   1.0799999999999697E-002
           6   8.3333333333334512E-003
           7   6.6666666666653409E-003
           8   6.6666666666683003E-003
           9   6.6666666666671155E-003
          10   8.3333333333322664E-003
          11   8.3333333333328596E-003
          12   6.6666666666677079E-003
          13   6.6666666666665231E-003
          14   8.3333333333328596E-003
          15   8.3333333333328596E-003
          16   6.6666666666688919E-003
          17   6.6666666666659316E-003
          18   6.6666666666653392E-003
          19   8.3333333333340427E-003
          20   1.0600000000000163E-002
          21   8.3333333333310833E-003
          22   8.3333333333316748E-003
          23   8.3333333333340427E-003
          24   1.0649999999999455E-002
          25   6.6666666666659316E-003
          26   1.6933333333333540E-002
          27   1.7099999999999817E-002
          28   1.6933333333331763E-002
          29   1.7099999999998040E-002
          30   1.0081999999999998     
          31   1.0081999999999998     
          32   1.0082000000000022     
          33   1.0082000000000002     
          34   1.6151499999999996     
          35   1.0620833333333335     
          36   1.6151500000000010     
          37   1.0620833333333337     
          38   1.6151500000000010     
          39   1.0620833333333337     
          40   1.6151500000000001     
          41   1.0620833333333333     
          42   8.0333333333341504E-003
          43   8.2000000000004292E-003
          44   9.5000000000009521E-003
          45   9.6000000000007173E-003
          46   1.1766666666665296E-002
          47   1.1766666666664111E-002
          48   9.5999999999989410E-003
          49   9.7499999999985931E-003
          50   9.4999999999997673E-003
          51   8.1500000000017288E-003
          52   1.0566666666669278E-002
          53   8.0500000000001855E-003
          54   8.0500000000007788E-003
          55   9.5000000000015454E-003
          56   9.6000000000024954E-003
          57   1.1766666666667664E-002
          58   1.1766666666666481E-002
          59   9.5999999999989427E-003
          60   9.7500000000003695E-003
          61   9.7499999999979998E-003
          62   8.5166666666639888E-003
          63   1.0549999999999688E-002
          64   7.7499999999979252E-003
          65   8.0500000000007788E-003
          66   9.4999999999991758E-003
          67   9.5999999999989410E-003
          68   1.1766666666668847E-002
          69   1.1766666666668849E-002
          70   9.6000000000013106E-003
          71   9.7500000000027374E-003
          72   9.7500000000003695E-003
          73   8.3500000000012627E-003
          74   1.0566666666666908E-002
          75   8.0499999999990024E-003
          76   8.0499999999995939E-003
          77   9.4999999999997673E-003
          78   9.5999999999995343E-003
          79   1.1766666666665888E-002
          80   1.1766666666665888E-002
          81   9.6000000000001258E-003
          82   9.7499999999991847E-003
          83   9.7500000000003695E-003
          84   8.3500000000012627E-003
          85   1.0266666666668200E-002
          86   8.5833333333334601E-003
          87   6.6666666666653409E-003
          88   6.6666666666665248E-003
          89   8.3333333333328596E-003
          90   6.6666666666635637E-003
          91   6.6666666666665248E-003
          92   8.3333333333328596E-003
          93   6.6666666666659316E-003
          94   6.6666666666665240E-003
          95   7.4999999999996918E-003
          96   6.6666666666671155E-003
          97   8.3333333333334494E-003
          98   8.5833333333352364E-003
          99   6.6666666666671155E-003
         100   6.6666666666688919E-003
         101   8.3333333333340427E-003
         102   6.6666666666671164E-003
         103   6.6666666666671155E-003
         104   6.6666666666677088E-003
         105   6.6666666666659316E-003
         106   8.3333333333316748E-003
         107   6.6666666666659316E-003
         108   8.3333333333328596E-003
         109   6.6666666666677079E-003
         110   5.8333333333321731E-003
         111   6.6666666666671155E-003
         112   5.8333333333327646E-003
         113   6.6666666666677079E-003
         114   6.6666666666665240E-003
         115   5.8333333333339477E-003
         116   8.3333333333328579E-003
         117   8.5833333333340516E-003
         118   8.3333333333352275E-003
         119   5.8333333333327646E-003
         120   8.3333333333328596E-003
         121   6.6666666666677079E-003
         122   8.3333333333340427E-003
         123   6.6666666666659316E-003
         124   8.5833333333340533E-003
         125   8.5833333333328685E-003
         126   6.6666666666671155E-003
         127   3.3333333333326696E-003
         128   3.3333333333350383E-003
         129   3.3333333333350383E-003
         130   3.3333333333326696E-003
         131   5.8333333333327655E-003
         132   4.1666666666676138E-003
         133   3.3333333333326700E-003
         134   3.3333333333326700E-003
         135   4.1666666666670214E-003
         136   6.6666666666647476E-003
         137   3.3333333333332620E-003
         138   3.3333333333326696E-003
         139   3.3333333333314856E-003
         140   3.3333333333338544E-003
         141   6.6666666666665240E-003
         142   3.3333333333350383E-003
         143   3.3333333333332620E-003
         144   3.3333333333338540E-003
         145   3.3333333333326700E-003
         146   6.6666666666653400E-003
         147   3.3333333333326696E-003
         148   3.3333333333320776E-003
         149   3.3333333333332620E-003
         150   3.3333333333344459E-003
         151   6.6666666666659324E-003
         152   3.3333333333338540E-003
         153   3.3333333333338544E-003
         154   3.3333333333320776E-003
         155   3.3333333333332620E-003
         156   6.6666666666671164E-003
         157   3.3333333333332620E-003
         158   3.3333333333338544E-003
         159   3.3333333333326696E-003
         160   3.3333333333350383E-003
         161   6.6666666666677071E-003
         162   3.3333333333314856E-003
         163   3.3333333333350383E-003
         164   3.3333333333326696E-003
         165   3.3333333333338544E-003
         166   6.6666666666665231E-003
         167   3.3333333333326696E-003
         168   3.3333333333326696E-003
         169   3.3333333333350383E-003
         170   3.3333333333338544E-003
         171   6.6666666666700758E-003
         172   3.3333333333350383E-003
         173   3.3333333333326700E-003
         174   3.3333333333326700E-003
         175   3.3333333333326696E-003
         176   5.8333333333309874E-003
         177   3.3333333333303013E-003
         178   4.1666666666664298E-003
         179   3.3333333333350383E-003
         180   4.1666666666652450E-003
         181   5.8333333333333562E-003
         182   3.3333333333314856E-003
         183   3.3333333333332620E-003
         184   4.1666666666664298E-003
         185   4.1666666666658374E-003
         186   5.0000000000025571E-003
         187   4.1666666666687977E-003
         188   5.0000000000013731E-003
         189   3.3333333333350383E-003
         190   4.1666666666687977E-003
         191   6.6666666666688919E-003
         192   3.3333333333338544E-003
         193   3.3333333333338544E-003
         194   3.3333333333338544E-003
         195   3.3333333333338544E-003
         196   6.6666666666677079E-003
         197   3.3333333333350383E-003
         198   3.3333333333314856E-003
         199   3.3333333333338544E-003
         200   3.3333333333350383E-003
         201   6.6666666666671164E-003
         202   3.3333333333332620E-003
         203   3.3333333333332620E-003
         204   3.3333333333350383E-003
         205   3.3333333333350383E-003
         206   4.3833333333319988E-003
         207   4.4000000000015875E-003
         208   4.3833333333337752E-003
         209   4.4000000000004036E-003
         210   1.0000000000000378E-002
         211   9.0000000000003411E-003
         212   8.9999999999979714E-003
         213   9.0000000000003411E-003
         214   1.0000000000000378E-002
         215   9.9999999999980087E-003
         216   9.0000000000003411E-003
         217   9.0000000000009326E-003
         218   9.9999999999997868E-003
         219   9.9999999999991953E-003
         220   9.9999999999980105E-003
         221   1.0000000000000972E-002
         222   1.0000000000000378E-002
         223   8.9999999999985630E-003
         224   9.9999999999997851E-003
         225   1.0000000000001561E-002
         226   9.9999999999997868E-003
         227   9.9999999999991953E-003
         228   9.3333333333334902E-003
         229   9.3333333333305291E-003
         230   9.9999999999991936E-003
         231   9.9999999999997868E-003
         232   9.9999999999997868E-003
         233   9.9999999999980105E-003
         234   9.9999999999991936E-003
         235   9.9999999999980105E-003
         236   1.0000000000000970E-002
         237   9.9999999999980105E-003
         238   1.0000000000000970E-002
         239   9.9999999999980105E-003
         240   9.9999999999986020E-003
         241   1.0000000000001563E-002
         242   7.0000000000002656E-003
         243   6.9500000000009728E-003
         244   7.0000000000020410E-003
         245   7.0000000000002647E-003
         246   6.9499999999986057E-003
         247   7.0000000000002656E-003
         248   7.2166666666670185E-003
         249   7.2166666666646498E-003
         250   7.1000000000023995E-003
         251   6.8833333333309090E-003
         252   6.8833333333350542E-003
         253   7.1000000000018080E-003
         254   1.3580666666666670     
         255   1.3580666666666663     
         256   1.3580666666666681     
         257   1.3580666666666672     
         258  0.58941666666666670     
         259  0.36000000000000182     
         260  0.58941666666666581     
         261  0.35918333333333169     
         262   1.0413666666666663     
         263  0.58941666666666848     
         264  0.35999999999999943     
         265   1.0413666666666661     
         266  0.58941666666666626     
         267  0.35999999999999971     
         268   1.0413666666666663     
         269   1.0413666666666686     
         270  0.10045000000000036     
         271  0.10045000000000215     
         272  0.10058333333333457     
         273  0.10045000000000097     
         274  0.12913333333333257     
         275  0.12913333333333199     
         276  0.12913333333333257     
         277  0.12913333333333404     
         278   5.3733333333334812E-002
         279   5.4216666666665830E-002
         280   6.1666666666668604E-002
         281   6.1666666666667418E-002
         282   6.1666666666666828E-002
         283   5.3733333333333626E-002
         284   6.1666666666666828E-002
         285   5.3733333333333633E-002
         286   3.2516666666667263E-002
         287   3.1133333333335376E-002
         288   3.2516666666666673E-002
         289   3.1133333333333010E-002
         290   3.2516666666668449E-002
         291   3.1133333333333010E-002
         292   3.1616666666666994E-002
         293   3.2533333333333893E-002
         294   7.0183333333332598E-002
         295   3.6000000000001357E-002
         296   7.0183333333332598E-002
         297   3.6000000000000178E-002
         298   7.0350000000000065E-002
         299   3.6000000000000178E-002
         300   7.0183333333333778E-002
         301   3.6000000000000185E-002
         302  0.16433333333333164     
         303  0.16433333333333283     
         304  0.16433333333333225     
         305  0.16433333333333283     
         306   2.5716666666668903E-002
         307   2.6249999999999215E-002
         308   2.7233333333333810E-002
         309   2.5716666666668903E-002
         310   2.5716666666666534E-002
         311   2.7233333333334993E-002
         312   2.7233333333333221E-002
         313   2.7233333333333221E-002
         314   1.2900000000001906E-002
         315   1.2550000000000356E-002
         316   1.2900000000001906E-002
         317   1.2899999999998355E-002
         318   1.0133333333334585E-002
         319   1.0133333333333402E-002
         320   9.7999999999996597E-003
         321   1.0133333333333400E-002
         322   1.0133333333332217E-002
         323   1.0133333333333400E-002
         324   1.0133333333333402E-002
         325   1.1250000000000425E-002
         326   1.1249999999999833E-002
         327   1.1250000000000426E-002
         328   1.1250000000000425E-002
         329   1.0133333333333994E-002
         330   1.9357666666666695     
         331   1.9357666666666673     
         332   1.9357666666666671     
         333   1.9357666666666662     
         334   8.3166666666668228E-003
         335   8.3166666666674161E-003
         336   8.3166666666691924E-003
         337   7.9999999999997105E-003
         338   8.3166666666668228E-003
         339   8.3166666666656397E-003
         340   8.3166666666668228E-003
         341   8.3166666666674161E-003
         342   9.2666666666663851E-003
         343   1.3250000000001684E-002
         344   8.2500000000026805E-003
         345   9.2666666666669784E-003
         346   1.3250000000001686E-002
         347   8.2500000000009042E-003
         348   9.2666666666663851E-003
         349   1.3250000000000501E-002
         350   8.2500000000003126E-003
         351   9.2666666666675699E-003
         352   1.3250000000000501E-002
         353   8.2500000000009042E-003
         354   1.4499999999999364E-002
         355   1.4499999999999957E-002
         356   1.4500000000000547E-002
         357   1.4499999999998771E-002
