north:     0
south:           0.00000000
east:      0
west:            0.00000000
rows:     50
cols:     11
   0.100000000000E+01   0.100000000000E+01   0.100000000000E+01   0.100000000000E+01   0.100000000000E+01   0.100000000000E+01   0.100000000000E+01   0.100000000000E+01   0.100000000000E+01   0.100000000000E+01   0.100000000000E+01
   0.100000000000E+01   0.100000000000E+01   0.100000000000E+01   0.100000000000E+01   0.100000000000E+01   0.100000000000E+01   0.100000000000E+01   0.100000000000E+01   0.100000000000E+01   0.100000000000E+01   0.100000000000E+01
   0.100000000000E+01   0.100000000000E+01   0.100000000000E+01   0.100000000000E+01   0.100000000000E+01   0.100000000000E+01   0.100000000000E+01   0.100000000000E+01   0.100000000000E+01   0.100000000000E+01   0.100000000000E+01
   0.100000000000E+01   0.100000000000E+01   0.100000000000E+01   0.100000000000E+01   0.100000000000E+01   0.100000000000E+01   0.100000000000E+01   0.100000000000E+01   0.100000000000E+01   0.100000000000E+01   0.100000000000E+01
   0.100000000000E+01   0.100000000000E+01   0.100000000000E+01   0.100000000000E+01   0.100000000000E+01   0.100000000000E+01   0.100000000000E+01   0.100000000000E+01   0.100000000000E+01   0.100000000000E+01   0.100000000000E+01
   0.100000000000E+01   0.100000000000E+01   0.100000000000E+01   0.100000000000E+01   0.100000000000E+01   0.100000000000E+01   0.100000000000E+01   0.100000000000E+01   0.100000000000E+01   0.100000000000E+01   0.100000000000E+01
   0.100000000000E+01   0.100000000000E+01   0.100000000000E+01   0.100000000000E+01   0.100000000000E+01   0.100000000000E+01   0.100000000000E+01   0.100000000000E+01   0.100000000000E+01   0.100000000000E+01   0.100000000000E+01
   0.100000000000E+01   0.100000000000E+01   0.100000000000E+01   0.100000000000E+01   0.100000000000E+01   0.100000000000E+01   0.100000000000E+01   0.100000000000E+01   0.100000000000E+01   0.100000000000E+01   0.100000000000E+01
   0.100000000000E+01   0.100000000000E+01   0.100000000000E+01   0.100000000000E+01   0.100000000000E+01   0.100000000000E+01   0.100000000000E+01   0.100000000000E+01   0.100000000000E+01   0.100000000000E+01   0.100000000000E+01
   0.100000000000E+01   0.100000000000E+01   0.100000000000E+01   0.100000000000E+01   0.100000000000E+01   0.100000000000E+01   0.100000000000E+01   0.100000000000E+01   0.100000000000E+01   0.100000000000E+01   0.100000000000E+01
   0.100000000000E+01   0.100000000000E+01   0.100000000000E+01   0.100000000000E+01   0.100000000000E+01   0.100000000000E+01   0.100000000000E+01   0.100000000000E+01   0.100000000000E+01   0.100000000000E+01   0.100000000000E+01
   0.100000000000E+01   0.100000000000E+01   0.100000000000E+01   0.100000000000E+01   0.100000000000E+01   0.100000000000E+01   0.100000000000E+01   0.100000000000E+01   0.100000000000E+01   0.100000000000E+01   0.100000000000E+01
   0.100000000000E+01   0.100000000000E+01   0.100000000000E+01   0.100000000000E+01   0.100000000000E+01   0.100000000000E+01   0.100000000000E+01   0.100000000000E+01   0.100000000000E+01   0.100000000000E+01   0.100000000000E+01
   0.100000000000E+01   0.100000000000E+01   0.100000000000E+01   0.100000000000E+01   0.100000000000E+01   0.100000000000E+01   0.100000000000E+01   0.100000000000E+01   0.100000000000E+01   0.100000000000E+01   0.100000000000E+01
   0.100000000000E+01   0.100000000000E+01   0.100000000000E+01   0.100000000000E+01   0.100000000000E+01   0.100000000000E+01   0.100000000000E+01   0.100000000000E+01   0.100000000000E+01   0.100000000000E+01   0.100000000000E+01
   0.100000000000E+01   0.100000000000E+01   0.100000000000E+01   0.100000000000E+01   0.100000000000E+01   0.100000000000E+01   0.100000000000E+01   0.100000000000E+01   0.100000000000E+01   0.100000000000E+01   0.100000000000E+01
   0.100000000000E+01   0.100000000000E+01   0.100000000000E+01   0.100000000000E+01   0.100000000000E+01   0.100000000000E+01   0.100000000000E+01   0.100000000000E+01   0.100000000000E+01   0.100000000000E+01   0.100000000000E+01
   0.100000000000E+01   0.100000000000E+01   0.100000000000E+01   0.100000000000E+01   0.100000000000E+01   0.100000000000E+01   0.100000000000E+01   0.100000000000E+01   0.100000000000E+01   0.100000000000E+01   0.100000000000E+01
   0.100000000000E+01   0.100000000000E+01   0.100000000000E+01   0.100000000000E+01   0.100000000000E+01   0.100000000000E+01   0.100000000000E+01   0.100000000000E+01   0.100000000000E+01   0.100000000000E+01   0.100000000000E+01
   0.100000000000E+01   0.100000000000E+01   0.100000000000E+01   0.100000000000E+01   0.100000000000E+01   0.100000000000E+01   0.100000000000E+01   0.100000000000E+01   0.100000000000E+01   0.100000000000E+01   0.100000000000E+01
   0.100000000000E+01   0.100000000000E+01   0.100000000000E+01   0.100000000000E+01   0.100000000000E+01   0.100000000000E+01   0.100000000000E+01   0.100000000000E+01   0.100000000000E+01   0.100000000000E+01   0.100000000000E+01
   0.100000000000E+01   0.100000000000E+01   0.100000000000E+01   0.100000000000E+01   0.100000000000E+01   0.100000000000E+01   0.100000000000E+01   0.100000000000E+01   0.100000000000E+01   0.100000000000E+01   0.100000000000E+01
   0.100000000000E+01   0.100000000000E+01   0.100000000000E+01   0.100000000000E+01   0.100000000000E+01   0.100000000000E+01   0.100000000000E+01   0.100000000000E+01   0.100000000000E+01   0.100000000000E+01   0.100000000000E+01
   0.100000000000E+01   0.100000000000E+01   0.100000000000E+01   0.100000000000E+01   0.100000000000E+01   0.100000000000E+01   0.100000000000E+01   0.100000000000E+01   0.100000000000E+01   0.100000000000E+01   0.100000000000E+01
   0.100000000000E+01   0.100000000000E+01   0.100000000000E+01   0.100000000000E+01   0.100000000000E+01   0.100000000000E+01   0.100000000000E+01   0.100000000000E+01   0.100000000000E+01   0.100000000000E+01   0.100000000000E+01
   0.100000000000E+01   0.100000000000E+01   0.100000000000E+01   0.100000000000E+01   0.100000000000E+01   0.100000000000E+01   0.100000000000E+01   0.100000000000E+01   0.100000000000E+01   0.100000000000E+01   0.100000000000E+01
   0.100000000000E+01   0.100000000000E+01   0.100000000000E+01   0.100000000000E+01   0.100000000000E+01   0.100000000000E+01   0.100000000000E+01   0.100000000000E+01   0.100000000000E+01   0.100000000000E+01   0.100000000000E+01
   0.100000000000E+01   0.100000000000E+01   0.100000000000E+01   0.100000000000E+01   0.100000000000E+01   0.100000000000E+01   0.100000000000E+01   0.100000000000E+01   0.100000000000E+01   0.100000000000E+01   0.100000000000E+01
   0.100000000000E+01   0.100000000000E+01   0.100000000000E+01   0.100000000000E+01   0.100000000000E+01   0.100000000000E+01   0.100000000000E+01   0.100000000000E+01   0.100000000000E+01   0.100000000000E+01   0.100000000000E+01
   0.100000000000E+01   0.100000000000E+01   0.100000000000E+01   0.100000000000E+01   0.100000000000E+01   0.100000000000E+01   0.100000000000E+01   0.100000000000E+01   0.100000000000E+01   0.100000000000E+01   0.100000000000E+01
   0.100000000000E+01   0.100000000000E+01   0.100000000000E+01   0.100000000000E+01   0.100000000000E+01   0.100000000000E+01   0.100000000000E+01   0.100000000000E+01   0.100000000000E+01   0.100000000000E+01   0.100000000000E+01
   0.100000000000E+01   0.100000000000E+01   0.100000000000E+01   0.100000000000E+01   0.100000000000E+01   0.100000000000E+01   0.100000000000E+01   0.100000000000E+01   0.100000000000E+01   0.100000000000E+01   0.100000000000E+01
   0.100000000000E+01   0.100000000000E+01   0.100000000000E+01   0.100000000000E+01   0.100000000000E+01   0.100000000000E+01   0.100000000000E+01   0.100000000000E+01   0.100000000000E+01   0.100000000000E+01   0.100000000000E+01
   0.100000000000E+01   0.100000000000E+01   0.100000000000E+01   0.100000000000E+01   0.100000000000E+01   0.100000000000E+01   0.100000000000E+01   0.100000000000E+01   0.100000000000E+01   0.100000000000E+01   0.100000000000E+01
   0.100000000000E+01   0.100000000000E+01   0.100000000000E+01   0.100000000000E+01   0.100000000000E+01   0.100000000000E+01   0.100000000000E+01   0.100000000000E+01   0.100000000000E+01   0.100000000000E+01   0.100000000000E+01
   0.100000000000E+01   0.100000000000E+01   0.100000000000E+01   0.100000000000E+01   0.100000000000E+01   0.100000000000E+01   0.100000000000E+01   0.100000000000E+01   0.100000000000E+01   0.100000000000E+01   0.100000000000E+01
   0.100000000000E+01   0.100000000000E+01   0.100000000000E+01   0.100000000000E+01   0.100000000000E+01   0.100000000000E+01   0.100000000000E+01   0.100000000000E+01   0.100000000000E+01   0.100000000000E+01   0.100000000000E+01
   0.100000000000E+01   0.100000000000E+01   0.100000000000E+01   0.100000000000E+01   0.100000000000E+01   0.100000000000E+01   0.100000000000E+01   0.100000000000E+01   0.100000000000E+01   0.100000000000E+01   0.100000000000E+01
   0.100000000000E+01   0.100000000000E+01   0.100000000000E+01   0.100000000000E+01   0.100000000000E+01   0.100000000000E+01   0.100000000000E+01   0.100000000000E+01   0.100000000000E+01   0.100000000000E+01   0.100000000000E+01
   0.100000000000E+01   0.100000000000E+01   0.100000000000E+01   0.100000000000E+01   0.100000000000E+01   0.100000000000E+01   0.100000000000E+01   0.100000000000E+01   0.100000000000E+01   0.100000000000E+01   0.100000000000E+01
   0.100000000000E+01   0.100000000000E+01   0.100000000000E+01   0.100000000000E+01   0.100000000000E+01   0.100000000000E+01   0.100000000000E+01   0.100000000000E+01   0.100000000000E+01   0.100000000000E+01   0.100000000000E+01
   0.100000000000E+01   0.100000000000E+01   0.100000000000E+01   0.100000000000E+01   0.100000000000E+01   0.100000000000E+01   0.100000000000E+01   0.100000000000E+01   0.100000000000E+01   0.100000000000E+01   0.100000000000E+01
   0.100000000000E+01   0.100000000000E+01   0.100000000000E+01   0.100000000000E+01   0.100000000000E+01   0.100000000000E+01   0.100000000000E+01   0.100000000000E+01   0.100000000000E+01   0.100000000000E+01   0.100000000000E+01
   0.100000000000E+01   0.100000000000E+01   0.100000000000E+01   0.100000000000E+01   0.100000000000E+01   0.100000000000E+01   0.100000000000E+01   0.100000000000E+01   0.100000000000E+01   0.100000000000E+01   0.100000000000E+01
   0.100000000000E+01   0.100000000000E+01   0.100000000000E+01   0.100000000000E+01   0.100000000000E+01   0.100000000000E+01   0.100000000000E+01   0.100000000000E+01   0.100000000000E+01   0.100000000000E+01   0.100000000000E+01
   0.100000000000E+01   0.100000000000E+01   0.100000000000E+01   0.100000000000E+01   0.100000000000E+01   0.100000000000E+01   0.100000000000E+01   0.100000000000E+01   0.100000000000E+01   0.100000000000E+01   0.100000000000E+01
   0.100000000000E+01   0.100000000000E+01   0.100000000000E+01   0.100000000000E+01   0.100000000000E+01   0.100000000000E+01   0.100000000000E+01   0.100000000000E+01   0.100000000000E+01   0.100000000000E+01   0.100000000000E+01
   0.100000000000E+01   0.100000000000E+01   0.100000000000E+01   0.100000000000E+01   0.100000000000E+01   0.100000000000E+01   0.100000000000E+01   0.100000000000E+01   0.100000000000E+01   0.100000000000E+01   0.100000000000E+01
   0.100000000000E+01   0.100000000000E+01   0.100000000000E+01   0.100000000000E+01   0.100000000000E+01   0.100000000000E+01   0.100000000000E+01   0.100000000000E+01   0.100000000000E+01   0.100000000000E+01   0.100000000000E+01
   0.100000000000E+01   0.100000000000E+01   0.100000000000E+01   0.100000000000E+01   0.100000000000E+01   0.100000000000E+01   0.100000000000E+01   0.100000000000E+01   0.100000000000E+01   0.100000000000E+01   0.100000000000E+01
