north:     0
south:           0.00000000
east:      0
west:            0.00000000
rows:     50
cols:     11
 7 7 7 7 7 0 1 1 1 1 1
 9 9 9 9 9 3 3 3 3 3 3
 9 3 3 3 3 3 3 3 3 3 3
 9 3 3 3 3 3 3 3 3 3 3
 9 3 3 3 3 3 3 3 3 3 3
 9 3 3 3 3 3 3 3 3 3 3
 9 3 3 3 3 3 3 3 3 3 3
 9 3 3 3 3 3 3 3 3 3 3
 9 3 3 3 3 3 3 3 3 3 3
 9 3 3 3 3 3 3 3 3 3 3
 9 3 3 3 3 3 3 3 3 3 3
 9 3 3 3 3 3 3 3 3 3 3
 9 3 3 3 3 3 3 3 3 3 3
 9 3 3 3 3 3 3 3 3 3 3
 9 3 3 3 3 3 3 3 3 3 3
 9 3 3 3 3 3 3 3 3 3 3
 9 3 3 3 3 3 3 3 3 3 3
 9 3 3 3 3 3 3 3 3 3 3
 9 3 3 3 3 3 3 3 3 3 3
 9 3 3 3 3 3 3 3 3 3 3
 9 3 3 3 3 3 3 3 3 3 3
 9 3 3 3 3 3 3 3 3 3 3
 9 3 3 3 3 3 3 3 3 3 3
 9 3 3 3 3 3 3 3 3 3 3
 9 3 3 3 3 3 3 3 3 3 3
 9 3 3 3 3 3 3 3 3 3 3
 9 3 3 3 3 3 3 3 3 3 3
 9 3 3 3 3 3 3 3 3 3 3
 9 3 3 3 3 3 3 3 3 3 3
 9 3 3 3 3 3 3 3 3 3 3
 9 3 3 3 3 3 3 3 3 3 3
 9 3 3 3 3 3 3 3 3 3 3
 9 3 3 3 3 3 3 3 3 3 3
 9 3 3 3 3 3 3 3 3 3 3
 9 3 3 3 3 3 3 3 3 3 3
 9 3 3 3 3 3 3 3 3 3 3
 9 3 3 3 3 3 3 3 3 3 3
 9 3 3 3 3 3 3 3 3 3 3
 9 3 3 3 3 3 3 3 3 3 3
 9 3 3 3 3 3 3 3 3 3 3
 9 3 3 3 3 3 3 3 3 3 3
 9 3 3 3 3 3 3 3 3 3 3
 9 3 3 3 3 3 3 3 3 3 3
 9 3 3 3 3 3 3 3 3 3 3
 9 3 3 3 3 3 3 3 3 3 3
 9 3 3 3 3 3 3 3 3 3 3
 9 3 3 3 3 3 3 3 3 3 3
 9 3 3 3 3 3 3 3 3 3 3
 9 3 3 3 3 3 3 3 3 3 3
 9 3 3 3 3 3 3 3 3 3 3
