14.6
14.03
13.74
13.66
13.22
12.56
14.51
16.51
18.58
22.68
26.62
27.85
28.15
28.73
29.32
29.2
27.93
26.02
23.63
20.63
19.41
19.26
19.99
19.13
18.41
18.31
16.95
15.91
15.51
16.36
16.9
18.02
22.3
25.64
27.84
29.69
30.47
30.5
30.93
30.62
29.38
28.28
25.22
24.1
23.2
20.27
19.36
20.44
18.88
18.22
18.65
18.07
17.55
17.21
16.35
17.19
21.18
25.24
27.6
29.03
29.17
29.67
29.7
29.16
27.5
25.36
23.12
20.66
19.86
18.59
18.19
18.03
17.71
17.5
16.62
16.35
15.98
16.09
15.35
16.24
21.04
24.74
27.37
28.84
29.37
30.29
31.09
30.93
29.57
27.4
24.75
21.97
20.75
19.24
18.39
17.86
17.29
15.88
15.1
14.96
14.19
13.74
13.33
13.81
19.57
25.04
28.06
29.76
30.34
30.8
31.01
31.21
30.37
28.88
26.1
22.91
22.44
21.13
21.62
21.44
21.42
21.75
21.21
20.97
21.46
21.37
21
20.91
21.82
23.81
25.65
29.18
28.98
29.83
30.42
30.25
28.4
26.34
24.91
24.05
23.33
22.4
22.25
21.39
21.15
20.15
20.74
19.62
19.44
18.44
18.19
18.97
23.71
25.71
27.54
28.46
28.35
29.6
29.33
29.39
27.1
26.87
24.82
22.99
21.68
22.38
21.54
20.12
20.68
19.89
19.64
19.03
18.34
18.81
18.69
19.61
23.78
27.28
28.85
29.08
29.99
30.89
30.31
29.64
26.83
24.47
23.48
20.42
18.61
18.14
17.41
17.21
16.86
16.78
16.7
17.33
17.88
18.53
18.83
19.36
20.97
21.71
22.42
22.12
22.05
21.99
22.85
22.28
21.67
21.23
20.74
19.92
19.53
19.27
19.27
18.58
18.54
18.4
17.95
18.15
18.04
17.61
16.37
16.16
20.1
23.45
25.56
25.49
25.14
23.32
24.02
24.03
23.55
22.72
21.14
20.43
20.21
20.34
20.12
20.31
19.39
18.03
17.36
17.34
16.72
17.52
16.93
16.23
20.78
23.61
25.73
25.52
24.69
24.61
24.76
26.5
24.96
24.16
22.82
21.89
21.61
20.49
21.95
21.45
21.56
21.07
20.67
19.65
19.4
20.2
20.64
20.21
20.09
19.75
19.78
18.99
19.27
20.06
22.51
23.52
25.56
23.79
21.42
20.83
20.41
20.37
19.57
18.96
19.14
18.44
17.95
17.44
17.06
16.96
16.86
17.58
18.52
21.89
25.72
27.55
27.48
27.74
26.67
24.95
24.55
23.78
21.53
20.17
19.76
19.68
18.73
19.04
18.92
18.58
18.38
18.76
18.33
18.22
18
17.77
19.58
21.1
23.1
23.85
25.11
25.88
26.36
26.16
25.36
25.38
22.57
20.43
19.56
18
17.45
17.02
16.7
15.83
15.12
15.19
14.97
14.7
14.5
14.58
19.29
24.52
26.96
28.13
28.23
28.89
28.74
28.53
27.61
25.88
23.23
22.16
19.87
17.33
16.27
16.1
15.49
14.67
13.7
13.27
13.22
13.54
14.32
14.79
15.81
17.83
20.9
22.1
22.07
26.63
24.76
24.37
25.9
23.11
21.1
20.14
19.96
19.55
19.05
19.1
18.91
18.92
18.55
17.98
17.48
16.65
16.22
15.71
19.05
24.75
27.6
28.36
29.53
30.3
28.84
26.99
25.16
24.17
22.77
21.34
20
18.23
17.01
16.32
16.31
15.81
14.74
14.66
14.61
14.3
14.27
14.94
18.92
22.42
24.78
26.53
26.19
25.88
30.06
27.92
27.71
23.63
22.49
22.66
22.78
22.21
21.84
21.65
21.43
21
19.83
18.33
17.22
16.47
15.9
15.73
18.85
22.83
25.94
30.32
29.83
30.09
31.93
31.66
28.3
26.51
23.2
20.88
19.45
20.8
21.13
18.71
17.19
16.88
16.26
15.29
14.08
14.25
16.05
15.9
19.94
23.92
26.54
27.92
27.5
27.84
25.33
24.16
24.23
24.28
22.09
20.72
20.77
20.9
21.6
20.6
20.26
19.67
18.83
18.44
17.58
16.5
15.77
15.4
18.82
22.81
25.77
28.24
29.96
31.69
32.24
28.81
24.26
23.3
22.3
21.4
20.7
21.31
22.22
22.83
23.63
23.32
22.73
22.21
23.29
22.73
22.54
22.55
22.93
24.83
26.89
27.45
26.82
28.44
27.63
28.88
27.37
25.09
23.47
22.99
22.63
22.31
21.56
21.07
20.85
20.64
19.9
19.93
19.8
19.52
19.46
19.55
21.89
24.52
26.38
27.51
27.85
28.09
28.39
28.03
26.49
24.06
21.19
19.24
17.57
14.86
14.63
12.89
12.61
12.27
10.74
9.97
9.42
8.85
8.27
8.92
14.85
21.41
23.41
25.26
26.02
27.12
27.37
26.05
23.97
22.21
20.42
19.38
18.73
18.33
17.54
16.93
16.23
15.73
15.37
15.02
14.65
13.56
12.43
12.77
17.43
22.18
24.53
25.98
26.43
26.19
25.88
24.57
23.96
22.57
19.74
18.2
16.88
15.94
15.69
15.4
15.17
14.62
13.99
13.96
14.52
13.99
14.33
14.6
16.56
22.74
25.27
26.39
27.06
26.77
26.22
25.02
24.85
23.66
21.27
19.46
17.88
15.73
15.4
14.83
13.82
13.58
12.88
12.08
11.74
12.14
12.26
11.74
16.89
22.49
24.99
26.17
26.62
27.23
27.76
27.68
25.21
22.52
20.8
19.08
18.8
16.45
15.72
15.35
14.72
14.17
13.2
13.54
13.51
13.07
12.46
12.8
16.88
21.04
24.07
26.1
27.2
27.57
28.18
27.16
25.53
23.1
20.27
17.89
17.12
16.29
15.83
15.32
15.27
14.58
14.46
14.18
13.55
12.36
12.13
12.36
16.02
20.69
23.76
25.66
26.52
27.3
27.04
26.3
24.57
22.65
19.17
17.35
16.91
16.34
15.04
13.36
14.06
12.9
12.16
11.9
11.13
10.92
11.03
10.48
15.21
19.7
23.34
25.41
26.9
27.51
28.02
27.88
25.33
23.27
20.44
19.46
17.86
16.78
16.39
16.52