1 0 1                          NENS NOBS NENSMIN
5.0 100.0 5.0 5.0 0.0 10.0 100.0   DSRETC DSKS DSSTOR DSPOROS DSSURF DSIC DSATM 
1 3.00                              NEFFMIN DSMEASMAX
2                                   ERT_FLAG
3.0 4.86 1000.0 1800.0                  PSISTAR QSTAR ATMTAU DTOUT
18714177                            ISEED  (original: -18784178)
0                                ENKFT
       86400
      172800
      259200
      345600
      432000
      518400
      604800 
      687600 ENKFTIM   (1,...,ENKFT)
1520 1
3366 1
4590 1
5814 1

3.0 DSMEAS
  0.13119679887800553      
  0.32340424658974803      
  0.45934451532132287      
  0.61951959641777521      
3.0 DSMEAS
  0.15468648720570552      
  0.34832363587004617      
  0.48838506438552298      
  0.64983561241671106      
3.0 DSMEAS
 -0.29034185676531282      
 -9.25381199799082538E-002 
  0.10030789016402411      
  0.27396658937752411      
3.0 DSMEAS
 -0.50470407755602065      
 -0.30109876172222033      
 -3.49540389820928096E-002 
  0.10495275481972791      
3.0 DSMEAS
 -0.60961079003809260      
 -0.39631228084376913      
 -8.33741328499086332E-002 
  5.15111169590009715E-002 
3.0 DSMEAS
 -0.64722343638814184      
 -0.43801667631864533      
 -0.11585404954124333      
  1.90146103185268797E-002 
3.0 DSMEAS
 -0.68704367900316665      
 -0.46776336116501044      
 -0.13996621065188622      
 -2.03214151462592033E-003 
3.0 DSMEAS
 -0.71142386559240922      
 -0.49694635259836289      
 -0.15864786846516932      
 -1.89207838978910498E-002 
