		NKP		1.100000E+01	
					
Strato 1	Zona 1	PCAP		SATC	KRW
5-11 cm	B	m	pressure	-	m/s
		8.000000E+00	-8.000000E+00	7.342434E-01	6.212897E-05
		6.000000E+00	-6.000000E+00	7.547197E-01	6.382050E-05
		4.000000E+00	-4.000000E+00	7.811502E-01	7.010375E-05
		2.000000E+00	-2.000000E+00	8.226111E-01	1.835511E-04
		1.000000E+00	-1.000000E+00	8.690096E-01	7.494412E-04
		8.000000E-01	-8.000000E-01	8.894133E-01	1.608977E-03
		6.000000E-01	-6.000000E-01	9.073482E-01	2.858076E-03
		4.000000E-01	-4.000000E-01	9.329073E-01	7.896700E-03
		2.000000E-01	-2.000000E-01	9.617340E-01	2.727275E-02
		1.000000E-01	-1.000000E-01	9.740778E-01	7.766121E-02
		1.000000E-03	-1.000000E-03	1.000000E+00	1.000000E+00
					
	Zona 2	PCAP		SATC	KRW
	C	m	pressure	-	m/s
		8.000000E+00	-8.000000E+00	7.113576E-01	6.328666E-05
		6.000000E+00	-6.000000E+00	7.356088E-01	1.277691E-04
		4.000000E+00	-4.000000E+00	7.684576E-01	1.918280E-04
		2.000000E+00	-2.000000E+00	8.141731E-01	5.599056E-04
		1.000000E+00	-1.000000E+00	8.597108E-01	2.126858E-03
		8.000000E-01	-8.000000E-01	8.783884E-01	2.757809E-03
		6.000000E-01	-6.000000E-01	8.959393E-01	5.170893E-03
		4.000000E-01	-4.000000E-01	9.194197E-01	9.093639E-03
		2.000000E-01	-2.000000E-01	9.589094E-01	2.482070E-02
		1.000000E-01	-1.000000E-01	9.641865E-01	1.601828E-01
		1.000000E-03	-1.000000E-03	1.000000E+00	1.000000E+00
					
	Zona 3	PCAP		SATC	KRW
	A	m	pressure	-	m/s
		8.000000E+00	-8.000000E+00	7.800000E-01	3.268456E-06
		6.000000E+00	-6.000000E+00	7.905617E-01	3.268456E-06
		4.000000E+00	-4.000000E+00	8.110949E-01	3.899271E-06
		2.000000E+00	-2.000000E+00	8.552238E-01	8.305446E-06
		1.000000E+00	-1.000000E+00	8.903042E-01	2.137958E-05
		8.000000E-01	-8.000000E-01	8.910002E-01	6.063092E-05
		6.000000E-01	-6.000000E-01	9.135519E-01	1.350312E-04
		4.000000E-01	-4.000000E-01	9.323450E-01	8.038834E-04
		2.000000E-01	-2.000000E-01	9.612306E-01	2.916528E-03
		1.000000E-01	-1.000000E-01	9.766131E-01	5.447426E-03
		1.000000E-03	-1.000000E-03	1.000000E+00	1.000000E+00
					
Strato 1	Zona 1	PCAP		SATC	KRW
25-31 cm	B	m	pressure	-	m/s
		8.000000E+00	-8.000000E+00	6.782630E-01	4.911080E-05
		6.000000E+00	-6.000000E+00	6.994925E-01	5.694992E-05
		4.000000E+00	-4.000000E+00	7.283703E-01	6.464449E-05
		2.000000E+00	-2.000000E+00	7.771194E-01	2.120264E-04
		1.000000E+00	-1.000000E+00	8.370264E-01	1.496400E-03
		8.000000E-01	-8.000000E-01	8.578270E-01	2.674268E-03
		6.000000E-01	-6.000000E-01	8.872051E-01	5.612663E-03
		4.000000E-01	-4.000000E-01	9.215868E-01	1.403166E-02
		2.000000E-01	-2.000000E-01	9.674053E-01	7.015828E-02
		1.000000E-01	-1.000000E-01	9.731951E-01	2.104749E-01
		1.000000E-03	-1.000000E-03	1.000000E+00	1.000000E+00
					
	Zona 2	PCAP		SATC	KRW
	C	m	pressure	-	m/s
		8.000000E+00	-8.000000E+00	6.743688E-01	1.253634E-05
		6.000000E+00	-6.000000E+00	6.983302E-01	1.410339E-05
		4.000000E+00	-4.000000E+00	7.291010E-01	1.855367E-05
		2.000000E+00	-2.000000E+00	7.811352E-01	7.603559E-05
		1.000000E+00	-1.000000E+00	8.230838E-01	2.112682E-04
		8.000000E-01	-8.000000E-01	8.329124E-01	2.951994E-04
		6.000000E-01	-6.000000E-01	8.482015E-01	5.225317E-04
		4.000000E-01	-4.000000E-01	8.680516E-01	1.297078E-03
		2.000000E-01	-2.000000E-01	9.047325E-01	6.268172E-03
		1.000000E-01	-1.000000E-01	9.355033E-01	2.345352E-02
		1.000000E-03	-1.000000E-03	1.000000E+00	1.000000E+00
					
	Zona 3	PCAP		SATC	KRW
	A	m	pressure	-	m/s
		8.000000E+00	-8.000000E+00	7.133893E-01	8.270466E-07
		6.000000E+00	-6.000000E+00	7.325451E-01	8.370513E-07
		4.000000E+00	-4.000000E+00	7.532862E-01	1.076291E-06
		2.000000E+00	-2.000000E+00	7.857851E-01	2.521358E-06
		1.000000E+00	-1.000000E+00	8.117445E-01	4.962498E-06
		8.000000E-01	-8.000000E-01	8.150472E-01	1.670653E-05
		6.000000E-01	-6.000000E-01	8.303719E-01	2.546883E-05
		4.000000E-01	-4.000000E-01	8.515093E-01	5.645279E-05
		2.000000E-01	-2.000000E-01	9.028337E-01	2.274613E-04
		1.000000E-01	-1.000000E-01	9.398903E-01	3.360911E-03
		1.000000E-03	-1.000000E-03	1.000000E+00	1.000000E+00
					
Strato 3	Zona 1	PCAP		SATC	KRW
45-51 cm	B	m	pressure	-	m/s
		8.000000E+00	-8.000000E+00	3.351585E-01	1.486633E-05
		6.000000E+00	-6.000000E+00	3.637627E-01	2.904419E-05
		4.000000E+00	-4.000000E+00	4.100196E-01	1.229336E-04
		2.000000E+00	-2.000000E+00	5.187970E-01	1.175010E-03
		1.000000E+00	-1.000000E+00	6.875613E-01	2.382457E-02
		8.000000E-01	-8.000000E-01	8.045930E-01	4.265347E-02
		6.000000E-01	-6.000000E-01	8.616378E-01	7.108912E-02
		4.000000E-01	-4.000000E-01	9.085485E-01	1.421782E-01
		2.000000E-01	-2.000000E-01	9.609349E-01	3.554456E-01
		1.000000E-01	-1.000000E-01	9.785060E-01	5.687130E-01
		1.000000E-03	-1.000000E-03	1.000000E+00	1.000000E+00
					
	Zona 2	PCAP		SATC	KRW
	C	m	pressure	-	m/s
		8.000000E+00	-8.000000E+00	6.500000E-01	1.283050E-06
		6.000000E+00	-6.000000E+00	6.800000E-01	2.566100E-06
		4.000000E+00	-4.000000E+00	7.161135E-01	5.132199E-06
		2.000000E+00	-2.000000E+00	7.611351E-01	1.430154E-05
		1.000000E+00	-1.000000E+00	8.260221E-01	1.002392E-04
		8.000000E-01	-8.000000E-01	8.444925E-01	1.628813E-04
		6.000000E-01	-6.000000E-01	8.633478E-01	3.107757E-04
		4.000000E-01	-4.000000E-01	8.916787E-01	1.197868E-03
		2.000000E-01	-2.000000E-01	9.497835E-01	1.005875E-02
		1.000000E-01	-1.000000E-01	9.802790E-01	4.979083E-02
		1.000000E-03	-1.000000E-03	1.000000E+00	1.000000E+00
					
	Zona 3	PCAP		SATC	KRW
	A	m	pressure	-	m/s
		8.000000E+00	-8.000000E+00	7.529147E-01	3.731743E-06
		6.000000E+00	-6.000000E+00	7.755964E-01	4.092000E-06
		4.000000E+00	-4.000000E+00	8.022198E-01	5.275185E-06
		2.000000E+00	-2.000000E+00	8.423276E-01	7.187334E-06
		1.000000E+00	-1.000000E+00	8.803679E-01	2.596753E-05
		8.000000E-01	-8.000000E-01	8.909481E-01	3.603879E-05
		6.000000E-01	-6.000000E-01	9.135606E-01	6.355631E-05
		4.000000E-01	-4.000000E-01	9.299495E-01	9.958052E-05
		2.000000E-01	-2.000000E-01	9.593389E-01	3.859221E-04
		1.000000E-01	-1.000000E-01	9.828504E-01	7.247563E-03
		1.000000E-03	-1.000000E-03	1.000000E+00	1.000000E+00
