   0.00000000     TIME
 0         154
          30
          31
          33
          34
          35
          40
          41
         387
         388
         390
         391
         392
         397
         398
         744
         745
         747
         748
         749
         754
         755
        1101
        1102
        1104
        1105
        1106
        1111
        1112
        1458
        1459
        1461
        1462
        1463
        1468
        1469
        1815
        1816
        1818
        1819
        1820
        1825
        1826
        2172
        2173
        2175
        2176
        2177
        2182
        2183
        2529
        2530
        2532
        2533
        2534
        2539
        2540
        2886
        2887
        2889
        2890
        2891
        2896
        2897
        3243
        3244
        3246
        3247
        3248
        3253
        3254
        3600
        3601
        3603
        3604
        3605
        3610
        3611
        3957
        3958
        3960
        3961
        3962
        3967
        3968
        4314
        4315
        4317
        4318
        4319
        4324
        4325
        4671
        4672
        4674
        4675
        4676
        4681
        4682
        5028
        5029
        5031
        5032
        5033
        5038
        5039
        5385
        5386
        5388
        5389
        5390
        5395
        5396
        5742
        5743
        5745
        5746
        5747
        5752
        5753
        6099
        6100
        6102
        6103
        6104
        6109
        6110
        6456
        6457
        6459
        6460
        6461
        6466
        6467
        6813
        6814
        6816
        6817
        6818
        6823
        6824
        7170
        7171
        7173
        7174
        7175
        7180
        7181
        7527
        7528
        7530
        7531
        7532
        7537
        7538
  -1.6000000238418579     
  -1.6000000238418579     
  -1.6000000238418579     
  -1.6000000238418579     
  -1.6000000238418579     
  -1.6000000238418579     
  -1.6000000238418579     
  -1.5000000238418578     
  -1.5000000238418578     
  -1.5000000238418578     
  -1.5000000238418578     
  -1.5000000238418578     
  -1.5000000238418578     
  -1.5000000238418578     
  -1.4000000238418580     
  -1.4000000238418580     
  -1.4000000238418580     
  -1.4000000238418580     
  -1.4000000238418580     
  -1.4000000238418580     
  -1.4000000238418580     
  -1.3000000238418579     
  -1.3000000238418579     
  -1.3000000238418579     
  -1.3000000238418579     
  -1.3000000238418579     
  -1.3000000238418579     
  -1.3000000238418579     
  -1.2000000238418580     
  -1.2000000238418580     
  -1.2000000238418580     
  -1.2000000238418580     
  -1.2000000238418580     
  -1.2000000238418580     
  -1.2000000238418580     
  -1.1000000238418579     
  -1.1000000238418579     
  -1.1000000238418579     
  -1.1000000238418579     
  -1.1000000238418579     
  -1.1000000238418579     
  -1.1000000238418579     
  -1.0000000238418578     
  -1.0000000238418578     
  -1.0000000238418578     
  -1.0000000238418578     
  -1.0000000238418578     
  -1.0000000238418578     
  -1.0000000238418578     
 -0.90000002384185795     
 -0.90000002384185795     
 -0.90000002384185795     
 -0.90000002384185795     
 -0.90000002384185795     
 -0.90000002384185795     
 -0.90000002384185795     
 -0.80000002384185787     
 -0.80000002384185787     
 -0.80000002384185787     
 -0.80000002384185787     
 -0.80000002384185787     
 -0.80000002384185787     
 -0.80000002384185787     
 -0.70000002384185789     
 -0.70000002384185789     
 -0.70000002384185789     
 -0.70000002384185789     
 -0.70000002384185789     
 -0.70000002384185789     
 -0.70000002384185789     
 -0.60000002384185791     
 -0.60000002384185791     
 -0.60000002384185791     
 -0.60000002384185791     
 -0.60000002384185791     
 -0.60000002384185791     
 -0.60000002384185791     
 -0.50000002384185782     
 -0.50000002384185782     
 -0.50000002384185782     
 -0.50000002384185782     
 -0.50000002384185782     
 -0.50000002384185782     
 -0.50000002384185782     
 -0.40000002384185795     
 -0.40000002384185795     
 -0.40000002384185795     
 -0.40000002384185795     
 -0.40000002384185795     
 -0.40000002384185795     
 -0.40000002384185795     
 -0.20000002384185800     
 -0.20000002384185800     
 -0.20000002384185800     
 -0.20000002384185800     
 -0.20000002384185800     
 -0.20000002384185800     
 -0.20000002384185800     
  -2.3841857821338408E-008
  -2.3841857821338408E-008
  -2.3841857821338408E-008
  -2.3841857821338408E-008
  -2.3841857821338408E-008
  -2.3841857821338408E-008
  -2.3841857821338408E-008
  0.19999997615814213     
  0.19999997615814213     
  0.19999997615814213     
  0.19999997615814213     
  0.19999997615814213     
  0.19999997615814213     
  0.19999997615814213     
  0.39999997615814209     
  0.39999997615814209     
  0.39999997615814209     
  0.39999997615814209     
  0.39999997615814209     
  0.39999997615814209     
  0.39999997615814209     
  0.59999997615814227     
  0.59999997615814227     
  0.59999997615814227     
  0.59999997615814227     
  0.59999997615814227     
  0.59999997615814227     
  0.59999997615814227     
  0.79999997615814200     
  0.79999997615814200     
  0.79999997615814200     
  0.79999997615814200     
  0.79999997615814200     
  0.79999997615814200     
  0.79999997615814200     
  0.99999997615814218     
  0.99999997615814218     
  0.99999997615814218     
  0.99999997615814218     
  0.99999997615814218     
  0.99999997615814218     
  0.99999997615814218     
   1.6999999761581419     
   1.6999999761581419     
   1.6999999761581419     
   1.6999999761581419     
   1.6999999761581419     
   1.6999999761581419     
   1.6999999761581419     
   2.3999999761581421     
   2.3999999761581421     
   2.3999999761581421     
   2.3999999761581421     
   2.3999999761581421     
   2.3999999761581421     
   2.3999999761581421     
   2.00000004E+20 TIME
 0         154
          30
          31
          33
          34
          35
          40
          41
         387
         388
         390
         391
         392
         397
         398
         744
         745
         747
         748
         749
         754
         755
        1101
        1102
        1104
        1105
        1106
        1111
        1112
        1458
        1459
        1461
        1462
        1463
        1468
        1469
        1815
        1816
        1818
        1819
        1820
        1825
        1826
        2172
        2173
        2175
        2176
        2177
        2182
        2183
        2529
        2530
        2532
        2533
        2534
        2539
        2540
        2886
        2887
        2889
        2890
        2891
        2896
        2897
        3243
        3244
        3246
        3247
        3248
        3253
        3254
        3600
        3601
        3603
        3604
        3605
        3610
        3611
        3957
        3958
        3960
        3961
        3962
        3967
        3968
        4314
        4315
        4317
        4318
        4319
        4324
        4325
        4671
        4672
        4674
        4675
        4676
        4681
        4682
        5028
        5029
        5031
        5032
        5033
        5038
        5039
        5385
        5386
        5388
        5389
        5390
        5395
        5396
        5742
        5743
        5745
        5746
        5747
        5752
        5753
        6099
        6100
        6102
        6103
        6104
        6109
        6110
        6456
        6457
        6459
        6460
        6461
        6466
        6467
        6813
        6814
        6816
        6817
        6818
        6823
        6824
        7170
        7171
        7173
        7174
        7175
        7180
        7181
        7527
        7528
        7530
        7531
        7532
        7537
        7538
  -1.6000000238418579     
  -1.6000000238418579     
  -1.6000000238418579     
  -1.6000000238418579     
  -1.6000000238418579     
  -1.6000000238418579     
  -1.6000000238418579     
  -1.5000000238418578     
  -1.5000000238418578     
  -1.5000000238418578     
  -1.5000000238418578     
  -1.5000000238418578     
  -1.5000000238418578     
  -1.5000000238418578     
  -1.4000000238418580     
  -1.4000000238418580     
  -1.4000000238418580     
  -1.4000000238418580     
  -1.4000000238418580     
  -1.4000000238418580     
  -1.4000000238418580     
  -1.3000000238418579     
  -1.3000000238418579     
  -1.3000000238418579     
  -1.3000000238418579     
  -1.3000000238418579     
  -1.3000000238418579     
  -1.3000000238418579     
  -1.2000000238418580     
  -1.2000000238418580     
  -1.2000000238418580     
  -1.2000000238418580     
  -1.2000000238418580     
  -1.2000000238418580     
  -1.2000000238418580     
  -1.1000000238418579     
  -1.1000000238418579     
  -1.1000000238418579     
  -1.1000000238418579     
  -1.1000000238418579     
  -1.1000000238418579     
  -1.1000000238418579     
  -1.0000000238418578     
  -1.0000000238418578     
  -1.0000000238418578     
  -1.0000000238418578     
  -1.0000000238418578     
  -1.0000000238418578     
  -1.0000000238418578     
 -0.90000002384185795     
 -0.90000002384185795     
 -0.90000002384185795     
 -0.90000002384185795     
 -0.90000002384185795     
 -0.90000002384185795     
 -0.90000002384185795     
 -0.80000002384185787     
 -0.80000002384185787     
 -0.80000002384185787     
 -0.80000002384185787     
 -0.80000002384185787     
 -0.80000002384185787     
 -0.80000002384185787     
 -0.70000002384185789     
 -0.70000002384185789     
 -0.70000002384185789     
 -0.70000002384185789     
 -0.70000002384185789     
 -0.70000002384185789     
 -0.70000002384185789     
 -0.60000002384185791     
 -0.60000002384185791     
 -0.60000002384185791     
 -0.60000002384185791     
 -0.60000002384185791     
 -0.60000002384185791     
 -0.60000002384185791     
 -0.50000002384185782     
 -0.50000002384185782     
 -0.50000002384185782     
 -0.50000002384185782     
 -0.50000002384185782     
 -0.50000002384185782     
 -0.50000002384185782     
 -0.40000002384185795     
 -0.40000002384185795     
 -0.40000002384185795     
 -0.40000002384185795     
 -0.40000002384185795     
 -0.40000002384185795     
 -0.40000002384185795     
 -0.20000002384185800     
 -0.20000002384185800     
 -0.20000002384185800     
 -0.20000002384185800     
 -0.20000002384185800     
 -0.20000002384185800     
 -0.20000002384185800     
  -2.3841857821338408E-008
  -2.3841857821338408E-008
  -2.3841857821338408E-008
  -2.3841857821338408E-008
  -2.3841857821338408E-008
  -2.3841857821338408E-008
  -2.3841857821338408E-008
  0.19999997615814213     
  0.19999997615814213     
  0.19999997615814213     
  0.19999997615814213     
  0.19999997615814213     
  0.19999997615814213     
  0.19999997615814213     
  0.39999997615814209     
  0.39999997615814209     
  0.39999997615814209     
  0.39999997615814209     
  0.39999997615814209     
  0.39999997615814209     
  0.39999997615814209     
  0.59999997615814227     
  0.59999997615814227     
  0.59999997615814227     
  0.59999997615814227     
  0.59999997615814227     
  0.59999997615814227     
  0.59999997615814227     
  0.79999997615814200     
  0.79999997615814200     
  0.79999997615814200     
  0.79999997615814200     
  0.79999997615814200     
  0.79999997615814200     
  0.79999997615814200     
  0.99999997615814218     
  0.99999997615814218     
  0.99999997615814218     
  0.99999997615814218     
  0.99999997615814218     
  0.99999997615814218     
  0.99999997615814218     
   1.6999999761581419     
   1.6999999761581419     
   1.6999999761581419     
   1.6999999761581419     
   1.6999999761581419     
   1.6999999761581419     
   1.6999999761581419     
   2.3999999761581421     
   2.3999999761581421     
   2.3999999761581421     
   2.3999999761581421     
   2.3999999761581421     
   2.3999999761581421     
   2.3999999761581421     
