      0  0.00000000E+00     NSTEP   TIME
 SURFACE NODE =    25  X =   3.2000E+00  Y =   3.2000E+00
              Z  PRESSURE HEAD             SW           CKRW
   0.000000E+00  -2.011468E-01   3.890818E-01   2.183541E-03
  -1.000000E-01  -1.527131E-01   4.768456E-01   7.704390E-03
  -2.000000E-01  -1.443363E-01   4.969609E-01   9.848703E-03
  -3.000000E-01  -1.641444E-01   4.521014E-01   5.588184E-03
  -4.000000E-01  -2.842185E-01   3.053742E-01   4.059276E-04
  -5.000000E-01  -1.601810E+00   1.577713E-01   5.580057E-08
  -6.000000E-01  -2.399810E+00   1.502025E-01   6.826906E-09
  -7.000000E-01  -2.300000E+00   1.508268E-01   8.513799E-09
  -8.000000E-01  -2.200000E+00   1.515175E-01   1.072678E-08
  -9.000000E-01  -2.100000E+00   1.522835E-01   1.366090E-08
  -1.000000E+00  -2.000000E+00   1.531374E-01   1.760386E-08
  -1.100000E+00  -1.900000E+00   1.540944E-01   2.298157E-08
  -1.200000E+00  -1.800000E+00   1.551734E-01   3.043711E-08
  -1.300000E+00  -1.700000E+00   1.563981E-01   4.096308E-08
  -1.400000E+00  -1.600000E+00   1.577985E-01   5.612931E-08
  -1.500000E+00  -1.500000E+00   1.594132E-01   7.848737E-08
  -1.600000E+00  -1.400000E+00   1.612930E-01   1.123144E-07
  -1.800000E+00  -1.200000E+00   1.661408E-01   2.500675E-07
  -2.000000E+00  -1.000000E+00   1.732474E-01   6.440634E-07
  -2.200000E+00  -8.000000E-01   1.845071E-01   2.047220E-06
  -2.400000E+00  -6.000000E-01   2.045741E-01   9.055578E-06
  -2.600000E+00  -4.000000E-01   2.482243E-01   7.249146E-05
  -2.800000E+00  -2.000000E-01   3.907137E-01   2.243393E-03
  -3.000000E+00  -9.388874E-15   1.000000E+00   1.000000E+00
  -3.500000E+00   5.000000E-01   1.000000E+00   1.000000E+00
  -4.000000E+00   1.000000E+00   1.000000E+00   1.000000E+00
 SURFACE NODE =    90  X =   3.0000E+00  Y =   3.1000E+00
              Z  PRESSURE HEAD             SW           CKRW
   0.000000E+00  -1.718163E-01   4.370610E-01   4.543746E-03
  -1.000000E-01  -1.287959E-01   5.393751E-01   1.590905E-02
  -2.000000E-01  -1.125739E-01   5.917676E-01   2.715759E-02
  -3.000000E-01  -1.116113E-01   5.951624E-01   2.806380E-02
  -4.000000E-01  -1.654925E-01   4.493722E-01   5.386025E-03
  -5.000000E-01  -8.466237E-01   1.813414E-01   1.526712E-06
  -6.000000E-01  -2.394839E+00   1.502322E-01   6.900890E-09
  -7.000000E-01  -2.299999E+00   1.508268E-01   8.513818E-09
  -8.000000E-01  -2.200000E+00   1.515175E-01   1.072678E-08
  -9.000000E-01  -2.100000E+00   1.522835E-01   1.366090E-08
  -1.000000E+00  -2.000000E+00   1.531374E-01   1.760386E-08
  -1.100000E+00  -1.900000E+00   1.540944E-01   2.298157E-08
  -1.200000E+00  -1.800000E+00   1.551734E-01   3.043711E-08
  -1.300000E+00  -1.700000E+00   1.563981E-01   4.096308E-08
  -1.400000E+00  -1.600000E+00   1.577985E-01   5.612931E-08
  -1.500000E+00  -1.500000E+00   1.594132E-01   7.848737E-08
  -1.600000E+00  -1.400000E+00   1.612930E-01   1.123144E-07
  -1.800000E+00  -1.200000E+00   1.661408E-01   2.500675E-07
  -2.000000E+00  -1.000000E+00   1.732474E-01   6.440634E-07
  -2.200000E+00  -8.000000E-01   1.845071E-01   2.047220E-06
  -2.400000E+00  -6.000000E-01   2.045741E-01   9.055578E-06
  -2.600000E+00  -4.000000E-01   2.482243E-01   7.249146E-05
  -2.800000E+00  -2.000000E-01   3.907137E-01   2.243393E-03
  -3.000000E+00  -2.334189E-14   1.000000E+00   1.000000E+00
  -3.500000E+00   5.000000E-01   1.000000E+00   1.000000E+00
  -4.000000E+00   1.000000E+00   1.000000E+00   1.000000E+00
   3270  3.92400000E+05     NSTEP   TIME
 SURFACE NODE =    25  X =   3.2000E+00  Y =   3.2000E+00
              Z  PRESSURE HEAD             SW           CKRW
   0.000000E+00  -1.829798E-01   4.171577E-01   3.402034E-03
  -1.000000E-01  -1.549567E-01   4.717533E-01   7.224757E-03
  -2.000000E-01  -1.726999E-01   4.354030E-01   4.438652E-03
  -3.000000E-01  -1.720270E-01   4.366643E-01   4.518429E-03
  -4.000000E-01  -1.938791E-01   3.997293E-01   2.597209E-03
  -5.000000E-01  -3.293326E-01   2.779794E-01   1.941238E-04
  -6.000000E-01  -1.722220E+00   1.561119E-01   3.829027E-08
  -7.000000E-01  -2.299903E+00   1.508274E-01   8.515667E-09
  -8.000000E-01  -2.200000E+00   1.515175E-01   1.072677E-08
  -9.000000E-01  -2.100000E+00   1.522835E-01   1.366090E-08
  -1.000000E+00  -2.000000E+00   1.531374E-01   1.760386E-08
  -1.100000E+00  -1.900000E+00   1.540944E-01   2.298157E-08
  -1.200000E+00  -1.800000E+00   1.551734E-01   3.043711E-08
  -1.300000E+00  -1.700000E+00   1.563981E-01   4.096308E-08
  -1.400000E+00  -1.600000E+00   1.577985E-01   5.612931E-08
  -1.500000E+00  -1.500000E+00   1.594132E-01   7.848737E-08
  -1.600000E+00  -1.400000E+00   1.612930E-01   1.123144E-07
  -1.800000E+00  -1.200000E+00   1.661408E-01   2.500675E-07
  -2.000000E+00  -1.000000E+00   1.732474E-01   6.440634E-07
  -2.200000E+00  -8.000000E-01   1.845071E-01   2.047220E-06
  -2.400000E+00  -6.000000E-01   2.045741E-01   9.055578E-06
  -2.600000E+00  -4.000000E-01   2.482243E-01   7.249146E-05
  -2.800000E+00  -2.000000E-01   3.907137E-01   2.243393E-03
  -3.000000E+00  -5.045875E-15   1.000000E+00   1.000000E+00
  -3.500000E+00   5.000000E-01   1.000000E+00   1.000000E+00
  -4.000000E+00   1.000000E+00   1.000000E+00   1.000000E+00
 SURFACE NODE =    90  X =   3.0000E+00  Y =   3.1000E+00
              Z  PRESSURE HEAD             SW           CKRW
   0.000000E+00  -9.573417E-02   6.560377E-01   4.903144E-02
  -1.000000E-01  -8.572966E-02   6.990907E-01   7.068497E-02
  -2.000000E-01  -1.183146E-01   5.722034E-01   2.238560E-02
  -3.000000E-01  -1.324566E-01   5.287420E-01   1.416902E-02
  -4.000000E-01  -1.370512E-01   5.159708E-01   1.228274E-02
  -5.000000E-01  -2.001996E-01   3.904284E-01   2.232841E-03
  -6.000000E-01  -9.956091E-01   1.734401E-01   6.589323E-07
  -7.000000E-01  -2.296530E+00   1.508496E-01   8.580874E-09
  -8.000000E-01  -2.199999E+00   1.515175E-01   1.072679E-08
  -9.000000E-01  -2.100000E+00   1.522835E-01   1.366090E-08
  -1.000000E+00  -2.000000E+00   1.531374E-01   1.760386E-08
  -1.100000E+00  -1.900000E+00   1.540944E-01   2.298157E-08
  -1.200000E+00  -1.800000E+00   1.551734E-01   3.043711E-08
  -1.300000E+00  -1.700000E+00   1.563981E-01   4.096308E-08
  -1.400000E+00  -1.600000E+00   1.577985E-01   5.612931E-08
  -1.500000E+00  -1.500000E+00   1.594132E-01   7.848737E-08
  -1.600000E+00  -1.400000E+00   1.612930E-01   1.123144E-07
  -1.800000E+00  -1.200000E+00   1.661408E-01   2.500675E-07
  -2.000000E+00  -1.000000E+00   1.732474E-01   6.440634E-07
  -2.200000E+00  -8.000000E-01   1.845071E-01   2.047220E-06
  -2.400000E+00  -6.000000E-01   2.045741E-01   9.055578E-06
  -2.600000E+00  -4.000000E-01   2.482243E-01   7.249146E-05
  -2.800000E+00  -2.000000E-01   3.907137E-01   2.243393E-03
  -3.000000E+00  -1.912546E-14   1.000000E+00   1.000000E+00
  -3.500000E+00   5.000000E-01   1.000000E+00   1.000000E+00
  -4.000000E+00   1.000000E+00   1.000000E+00   1.000000E+00
   6870  8.24400000E+05     NSTEP   TIME
 SURFACE NODE =    25  X =   3.2000E+00  Y =   3.2000E+00
              Z  PRESSURE HEAD             SW           CKRW
   0.000000E+00  -1.781183E-01   4.255528E-01   3.852546E-03
  -1.000000E-01  -1.507784E-01   4.813344E-01   8.147553E-03
  -2.000000E-01  -1.684333E-01   4.435481E-01   4.973677E-03
  -3.000000E-01  -1.674176E-01   4.455398E-01   5.111821E-03
  -4.000000E-01  -1.729145E-01   4.350025E-01   4.413552E-03
  -5.000000E-01  -2.123366E-01   3.740390E-01   1.687748E-03
  -6.000000E-01  -4.080181E-01   2.455520E-01   6.551819E-05
  -7.000000E-01  -2.027188E+00   1.528958E-01   1.641084E-08
  -8.000000E-01  -2.200018E+00   1.515173E-01   1.072632E-08
  -9.000000E-01  -2.100000E+00   1.522835E-01   1.366090E-08
  -1.000000E+00  -2.000000E+00   1.531374E-01   1.760386E-08
  -1.100000E+00  -1.900000E+00   1.540944E-01   2.298157E-08
  -1.200000E+00  -1.800000E+00   1.551734E-01   3.043711E-08
  -1.300000E+00  -1.700000E+00   1.563981E-01   4.096308E-08
  -1.400000E+00  -1.600000E+00   1.577985E-01   5.612931E-08
  -1.500000E+00  -1.500000E+00   1.594132E-01   7.848737E-08
  -1.600000E+00  -1.400000E+00   1.612930E-01   1.123144E-07
  -1.800000E+00  -1.200000E+00   1.661408E-01   2.500675E-07
  -2.000000E+00  -1.000000E+00   1.732474E-01   6.440634E-07
  -2.200000E+00  -8.000000E-01   1.845071E-01   2.047220E-06
  -2.400000E+00  -6.000000E-01   2.045741E-01   9.055578E-06
  -2.600000E+00  -4.000000E-01   2.482243E-01   7.249146E-05
  -2.800000E+00  -2.000000E-01   3.907137E-01   2.243393E-03
  -3.000000E+00  -5.035054E-15   1.000000E+00   1.000000E+00
  -3.500000E+00   5.000000E-01   1.000000E+00   1.000000E+00
  -4.000000E+00   1.000000E+00   1.000000E+00   1.000000E+00
 SURFACE NODE =    90  X =   3.0000E+00  Y =   3.1000E+00
              Z  PRESSURE HEAD             SW           CKRW
   0.000000E+00  -9.537060E-02   6.575401E-01   4.967899E-02
  -1.000000E-01  -8.493399E-02   7.026613E-01   7.279895E-02
  -2.000000E-01  -1.154270E-01   5.818996E-01   2.465741E-02
  -3.000000E-01  -1.302582E-01   5.350780E-01   1.518650E-02
  -4.000000E-01  -1.316858E-01   5.309467E-01   1.451672E-02
  -5.000000E-01  -1.443152E-01   4.970137E-01   9.854896E-03
  -6.000000E-01  -2.318110E-01   3.512172E-01   1.105895E-03
  -7.000000E-01  -1.419308E+00   1.609065E-01   1.046018E-07
  -8.000000E-01  -2.199282E+00   1.515227E-01   1.074499E-08
  -9.000000E-01  -2.100000E+00   1.522835E-01   1.366090E-08
  -1.000000E+00  -2.000000E+00   1.531374E-01   1.760386E-08
  -1.100000E+00  -1.900000E+00   1.540944E-01   2.298157E-08
  -1.200000E+00  -1.800000E+00   1.551734E-01   3.043711E-08
  -1.300000E+00  -1.700000E+00   1.563981E-01   4.096308E-08
  -1.400000E+00  -1.600000E+00   1.577985E-01   5.612931E-08
  -1.500000E+00  -1.500000E+00   1.594132E-01   7.848737E-08
  -1.600000E+00  -1.400000E+00   1.612930E-01   1.123144E-07
  -1.800000E+00  -1.200000E+00   1.661408E-01   2.500675E-07
  -2.000000E+00  -1.000000E+00   1.732474E-01   6.440634E-07
  -2.200000E+00  -8.000000E-01   1.845071E-01   2.047220E-06
  -2.400000E+00  -6.000000E-01   2.045741E-01   9.055578E-06
  -2.600000E+00  -4.000000E-01   2.482243E-01   7.249146E-05
  -2.800000E+00  -2.000000E-01   3.907137E-01   2.243393E-03
  -3.000000E+00  -1.911108E-14   1.000000E+00   1.000000E+00
  -3.500000E+00   5.000000E-01   1.000000E+00   1.000000E+00
  -4.000000E+00   1.000000E+00   1.000000E+00   1.000000E+00
  10470  1.25640000E+06     NSTEP   TIME
 SURFACE NODE =    25  X =   3.2000E+00  Y =   3.2000E+00
              Z  PRESSURE HEAD             SW           CKRW
   0.000000E+00  -1.777975E-01   4.261212E-01   3.884639E-03
  -1.000000E-01  -1.496334E-01   4.840346E-01   8.423617E-03
  -2.000000E-01  -1.659815E-01   4.483916E-01   5.314798E-03
  -3.000000E-01  -1.629305E-01   4.545917E-01   5.777753E-03
  -4.000000E-01  -1.621138E-01   4.562847E-01   5.909470E-03
  -5.000000E-01  -1.722968E-01   4.361576E-01   4.486244E-03
  -6.000000E-01  -2.280499E-01   3.553266E-01   1.197121E-03
  -7.000000E-01  -5.489530E-01   2.123815E-01   1.431825E-05
  -8.000000E-01  -2.132526E+00   1.520254E-01   1.261204E-08
  -9.000000E-01  -2.100013E+00   1.522834E-01   1.366047E-08
  -1.000000E+00  -2.000000E+00   1.531374E-01   1.760386E-08
  -1.100000E+00  -1.900000E+00   1.540944E-01   2.298157E-08
  -1.200000E+00  -1.800000E+00   1.551734E-01   3.043711E-08
  -1.300000E+00  -1.700000E+00   1.563981E-01   4.096308E-08
  -1.400000E+00  -1.600000E+00   1.577985E-01   5.612931E-08
  -1.500000E+00  -1.500000E+00   1.594132E-01   7.848737E-08
  -1.600000E+00  -1.400000E+00   1.612930E-01   1.123144E-07
  -1.800000E+00  -1.200000E+00   1.661408E-01   2.500675E-07
  -2.000000E+00  -1.000000E+00   1.732474E-01   6.440634E-07
  -2.200000E+00  -8.000000E-01   1.845071E-01   2.047220E-06
  -2.400000E+00  -6.000000E-01   2.045741E-01   9.055578E-06
  -2.600000E+00  -4.000000E-01   2.482243E-01   7.249146E-05
  -2.800000E+00  -2.000000E-01   3.907137E-01   2.243393E-03
  -3.000000E+00  -5.009621E-15   1.000000E+00   1.000000E+00
  -3.500000E+00   5.000000E-01   1.000000E+00   1.000000E+00
  -4.000000E+00   1.000000E+00   1.000000E+00   1.000000E+00
 SURFACE NODE =    90  X =   3.0000E+00  Y =   3.1000E+00
              Z  PRESSURE HEAD             SW           CKRW
   0.000000E+00  -9.596882E-02   6.550706E-01   4.861837E-02
  -1.000000E-01  -8.526095E-02   7.011916E-01   7.192230E-02
  -2.000000E-01  -1.162689E-01   5.790426E-01   2.396950E-02
  -3.000000E-01  -1.308377E-01   5.333933E-01   1.491046E-02
  -4.000000E-01  -1.316911E-01   5.309315E-01   1.451428E-02
  -5.000000E-01  -1.332955E-01   5.263633E-01   1.380134E-02
  -6.000000E-01  -1.522773E-01   4.778488E-01   7.801749E-03
  -7.000000E-01  -2.752619E-01   3.119410E-01   4.758999E-04
  -8.000000E-01  -1.812326E+00   1.550331E-01   2.937661E-08
  -9.000000E-01  -2.099860E+00   1.522846E-01   1.366562E-08
  -1.000000E+00  -2.000000E+00   1.531374E-01   1.760386E-08
  -1.100000E+00  -1.900000E+00   1.540944E-01   2.298157E-08
  -1.200000E+00  -1.800000E+00   1.551734E-01   3.043711E-08
  -1.300000E+00  -1.700000E+00   1.563981E-01   4.096308E-08
  -1.400000E+00  -1.600000E+00   1.577985E-01   5.612931E-08
  -1.500000E+00  -1.500000E+00   1.594132E-01   7.848737E-08
  -1.600000E+00  -1.400000E+00   1.612930E-01   1.123144E-07
  -1.800000E+00  -1.200000E+00   1.661408E-01   2.500675E-07
  -2.000000E+00  -1.000000E+00   1.732474E-01   6.440634E-07
  -2.200000E+00  -8.000000E-01   1.845071E-01   2.047220E-06
  -2.400000E+00  -6.000000E-01   2.045741E-01   9.055578E-06
  -2.600000E+00  -4.000000E-01   2.482243E-01   7.249146E-05
  -2.800000E+00  -2.000000E-01   3.907137E-01   2.243393E-03
  -3.000000E+00  -1.906170E-14   1.000000E+00   1.000000E+00
  -3.500000E+00   5.000000E-01   1.000000E+00   1.000000E+00
  -4.000000E+00   1.000000E+00   1.000000E+00   1.000000E+00
  14070  1.68840000E+06     NSTEP   TIME
 SURFACE NODE =    25  X =   3.2000E+00  Y =   3.2000E+00
              Z  PRESSURE HEAD             SW           CKRW
   0.000000E+00  -2.245238E+00   1.511963E-01   9.649889E-09
  -1.000000E-01  -7.520574E-01   1.882289E-01   2.818932E-06
  -2.000000E-01  -3.046667E-01   2.918933E-01   2.869882E-04
  -3.000000E-01  -2.424222E-01   3.403084E-01   8.894007E-04
  -4.000000E-01  -2.170544E-01   3.681434E-01   1.519090E-03
  -5.000000E-01  -2.068469E-01   3.812250E-01   1.912366E-03
  -6.000000E-01  -2.184605E-01   3.664340E-01   1.472701E-03
  -7.000000E-01  -3.119850E-01   2.875207E-01   2.548035E-04
  -8.000000E-01  -1.030409E+00   1.719639E-01   5.513757E-07
  -9.000000E-01  -2.095095E+00   1.523232E-01   1.382795E-08
  -1.000000E+00  -2.000002E+00   1.531374E-01   1.760375E-08
  -1.100000E+00  -1.900000E+00   1.540944E-01   2.298157E-08
  -1.200000E+00  -1.800000E+00   1.551734E-01   3.043711E-08
  -1.300000E+00  -1.700000E+00   1.563981E-01   4.096308E-08
  -1.400000E+00  -1.600000E+00   1.577985E-01   5.612931E-08
  -1.500000E+00  -1.500000E+00   1.594132E-01   7.848737E-08
  -1.600000E+00  -1.400000E+00   1.612930E-01   1.123144E-07
  -1.800000E+00  -1.200000E+00   1.661408E-01   2.500675E-07
  -2.000000E+00  -1.000000E+00   1.732474E-01   6.440634E-07
  -2.200000E+00  -8.000000E-01   1.845071E-01   2.047220E-06
  -2.400000E+00  -6.000000E-01   2.045741E-01   9.055578E-06
  -2.600000E+00  -4.000000E-01   2.482243E-01   7.249146E-05
  -2.800000E+00  -2.000000E-01   3.907137E-01   2.243393E-03
  -3.000000E+00  -5.021861E-15   1.000000E+00   1.000000E+00
  -3.500000E+00   5.000000E-01   1.000000E+00   1.000000E+00
  -4.000000E+00   1.000000E+00   1.000000E+00   1.000000E+00
 SURFACE NODE =    90  X =   3.0000E+00  Y =   3.1000E+00
              Z  PRESSURE HEAD             SW           CKRW
   0.000000E+00  -1.777038E+00   1.554408E-01   3.253704E-08
  -1.000000E-01  -5.103594E-01   2.194544E-01   2.083138E-05
  -2.000000E-01  -2.749130E-01   3.122057E-01   4.789015E-04
  -3.000000E-01  -2.237521E-01   3.601891E-01   1.312393E-03
  -4.000000E-01  -2.006716E-01   3.897559E-01   2.208113E-03
  -5.000000E-01  -1.869892E-01   4.105305E-01   3.076129E-03
  -6.000000E-01  -1.808879E-01   4.207206E-01   3.587944E-03
  -7.000000E-01  -2.206445E-01   3.638211E-01   1.403900E-03
  -8.000000E-01  -5.503534E-01   2.121456E-01   1.413169E-05
  -9.000000E-01  -2.047470E+00   1.527202E-01   1.558332E-08
  -1.000000E+00  -1.999980E+00   1.531376E-01   1.760477E-08
  -1.100000E+00  -1.900000E+00   1.540944E-01   2.298157E-08
  -1.200000E+00  -1.800000E+00   1.551734E-01   3.043711E-08
  -1.300000E+00  -1.700000E+00   1.563981E-01   4.096308E-08
  -1.400000E+00  -1.600000E+00   1.577985E-01   5.612931E-08
  -1.500000E+00  -1.500000E+00   1.594132E-01   7.848737E-08
  -1.600000E+00  -1.400000E+00   1.612930E-01   1.123144E-07
  -1.800000E+00  -1.200000E+00   1.661408E-01   2.500675E-07
  -2.000000E+00  -1.000000E+00   1.732474E-01   6.440634E-07
  -2.200000E+00  -8.000000E-01   1.845071E-01   2.047220E-06
  -2.400000E+00  -6.000000E-01   2.045741E-01   9.055578E-06
  -2.600000E+00  -4.000000E-01   2.482243E-01   7.249146E-05
  -2.800000E+00  -2.000000E-01   3.907137E-01   2.243393E-03
  -3.000000E+00  -1.907520E-14   1.000000E+00   1.000000E+00
  -3.500000E+00   5.000000E-01   1.000000E+00   1.000000E+00
  -4.000000E+00   1.000000E+00   1.000000E+00   1.000000E+00
  17670  2.12040000E+06     NSTEP   TIME
 SURFACE NODE =    25  X =   3.2000E+00  Y =   3.2000E+00
              Z  PRESSURE HEAD             SW           CKRW
   0.000000E+00  -2.059330E-01   3.824569E-01   1.953071E-03
  -1.000000E-01  -1.772658E-01   4.270674E-01   3.938519E-03
  -2.000000E-01  -2.057023E-01   3.827694E-01   1.963503E-03
  -3.000000E-01  -2.105342E-01   3.763586E-01   1.757907E-03
  -4.000000E-01  -2.279225E-01   3.554681E-01   1.200363E-03
  -5.000000E-01  -2.407265E-01   3.419871E-01   9.204002E-04
  -6.000000E-01  -2.489232E-01   3.340866E-01   7.814070E-04
  -7.000000E-01  -3.015047E-01   2.938521E-01   3.023682E-04
  -8.000000E-01  -5.727283E-01   2.085513E-01   1.150955E-05
  -9.000000E-01  -1.950026E+00   1.536017E-01   2.007807E-08
  -1.000000E+00  -2.000022E+00   1.531372E-01   1.760288E-08
  -1.100000E+00  -1.900000E+00   1.540944E-01   2.298156E-08
  -1.200000E+00  -1.800000E+00   1.551734E-01   3.043711E-08
  -1.300000E+00  -1.700000E+00   1.563981E-01   4.096308E-08
  -1.400000E+00  -1.600000E+00   1.577985E-01   5.612931E-08
  -1.500000E+00  -1.500000E+00   1.594132E-01   7.848737E-08
  -1.600000E+00  -1.400000E+00   1.612930E-01   1.123144E-07
  -1.800000E+00  -1.200000E+00   1.661408E-01   2.500675E-07
  -2.000000E+00  -1.000000E+00   1.732474E-01   6.440634E-07
  -2.200000E+00  -8.000000E-01   1.845071E-01   2.047220E-06
  -2.400000E+00  -6.000000E-01   2.045741E-01   9.055578E-06
  -2.600000E+00  -4.000000E-01   2.482243E-01   7.249146E-05
  -2.800000E+00  -2.000000E-01   3.907137E-01   2.243393E-03
  -3.000000E+00  -5.001290E-15   1.000000E+00   1.000000E+00
  -3.500000E+00   5.000000E-01   1.000000E+00   1.000000E+00
  -4.000000E+00   1.000000E+00   1.000000E+00   1.000000E+00
 SURFACE NODE =    90  X =   3.0000E+00  Y =   3.1000E+00
              Z  PRESSURE HEAD             SW           CKRW
   0.000000E+00  -9.658292E-02   6.525491E-01   4.755506E-02
  -1.000000E-01  -8.696553E-02   6.935856E-01   6.752918E-02
  -2.000000E-01  -1.210060E-01   5.634249E-01   2.047741E-02
  -3.000000E-01  -1.409374E-01   5.056466E-01   1.090830E-02
  -4.000000E-01  -1.592659E-01   4.623021E-01   6.396701E-03
  -5.000000E-01  -1.916821E-01   4.030958E-01   2.739808E-03
  -6.000000E-01  -2.108613E-01   3.759348E-01   1.744924E-03
  -7.000000E-01  -2.335534E-01   3.493582E-01   1.066419E-03
  -8.000000E-01  -3.580992E-01   2.643307E-01   1.271716E-04
  -9.000000E-01  -1.559244E+00   1.584281E-01   6.418114E-08
  -1.000000E+00  -1.999230E+00   1.531444E-01   1.763915E-08
  -1.100000E+00  -1.900000E+00   1.540944E-01   2.298160E-08
  -1.200000E+00  -1.800000E+00   1.551734E-01   3.043711E-08
  -1.300000E+00  -1.700000E+00   1.563981E-01   4.096308E-08
  -1.400000E+00  -1.600000E+00   1.577985E-01   5.612931E-08
  -1.500000E+00  -1.500000E+00   1.594132E-01   7.848737E-08
  -1.600000E+00  -1.400000E+00   1.612930E-01   1.123144E-07
  -1.800000E+00  -1.200000E+00   1.661408E-01   2.500675E-07
  -2.000000E+00  -1.000000E+00   1.732474E-01   6.440634E-07
  -2.200000E+00  -8.000000E-01   1.845071E-01   2.047220E-06
  -2.400000E+00  -6.000000E-01   2.045741E-01   9.055578E-06
  -2.600000E+00  -4.000000E-01   2.482243E-01   7.249146E-05
  -2.800000E+00  -2.000000E-01   3.907137E-01   2.243393E-03
  -3.000000E+00  -1.906215E-14   1.000000E+00   1.000000E+00
  -3.500000E+00   5.000000E-01   1.000000E+00   1.000000E+00
  -4.000000E+00   1.000000E+00   1.000000E+00   1.000000E+00
  21270  2.55240000E+06     NSTEP   TIME
 SURFACE NODE =    25  X =   3.2000E+00  Y =   3.2000E+00
              Z  PRESSURE HEAD             SW           CKRW
   0.000000E+00  -1.849102E-01   4.139343E-01   3.240348E-03
  -1.000000E-01  -1.573275E-01   4.665008E-01   6.754846E-03
  -2.000000E-01  -1.792123E-01   4.236281E-01   3.745406E-03
  -3.000000E-01  -1.775987E-01   4.264743E-01   3.904681E-03
  -4.000000E-01  -1.779395E-01   4.258694E-01   3.870400E-03
  -5.000000E-01  -1.842282E-01   4.150661E-01   3.296428E-03
  -6.000000E-01  -1.993620E-01   3.916292E-01   2.277520E-03
  -7.000000E-01  -2.444590E-01   3.383232E-01   8.537772E-04
  -8.000000E-01  -4.122987E-01   2.441719E-01   6.212249E-05
  -9.000000E-01  -1.544665E+00   1.586626E-01   6.739106E-08
  -1.000000E+00  -1.999567E+00   1.531413E-01   1.762369E-08
  -1.100000E+00  -1.900001E+00   1.540944E-01   2.298152E-08
  -1.200000E+00  -1.800000E+00   1.551734E-01   3.043711E-08
  -1.300000E+00  -1.700000E+00   1.563981E-01   4.096308E-08
  -1.400000E+00  -1.600000E+00   1.577985E-01   5.612931E-08
  -1.500000E+00  -1.500000E+00   1.594132E-01   7.848737E-08
  -1.600000E+00  -1.400000E+00   1.612930E-01   1.123144E-07
  -1.800000E+00  -1.200000E+00   1.661408E-01   2.500675E-07
  -2.000000E+00  -1.000000E+00   1.732474E-01   6.440634E-07
  -2.200000E+00  -8.000000E-01   1.845071E-01   2.047220E-06
  -2.400000E+00  -6.000000E-01   2.045741E-01   9.055578E-06
  -2.600000E+00  -4.000000E-01   2.482243E-01   7.249146E-05
  -2.800000E+00  -2.000000E-01   3.907137E-01   2.243393E-03
  -3.000000E+00  -5.021488E-15   1.000000E+00   1.000000E+00
  -3.500000E+00   5.000000E-01   1.000000E+00   1.000000E+00
  -4.000000E+00   1.000000E+00   1.000000E+00   1.000000E+00
 SURFACE NODE =    90  X =   3.0000E+00  Y =   3.1000E+00
              Z  PRESSURE HEAD             SW           CKRW
   0.000000E+00  -9.567397E-02   6.562861E-01   4.913802E-02
  -1.000000E-01  -8.499697E-02   7.023780E-01   7.262923E-02
  -2.000000E-01  -1.174234E-01   5.751651E-01   2.306078E-02
  -3.000000E-01  -1.346913E-01   5.224520E-01   1.321329E-02
  -4.000000E-01  -1.386073E-01   5.117852E-01   1.170994E-02
  -5.000000E-01  -1.448853E-01   4.955871E-01   9.688831E-03
  -6.000000E-01  -1.543300E-01   4.731636E-01   7.355179E-03
  -7.000000E-01  -1.772062E-01   4.271737E-01   3.944607E-03
  -8.000000E-01  -2.680982E-01   3.175214E-01   5.422753E-04
  -9.000000E-01  -9.835465E-01   1.739795E-01   7.019343E-07
  -1.000000E+00  -1.991755E+00   1.532122E-01   1.798589E-08
  -1.100000E+00  -1.899993E+00   1.540945E-01   2.298200E-08
  -1.200000E+00  -1.800000E+00   1.551734E-01   3.043711E-08
  -1.300000E+00  -1.700000E+00   1.563981E-01   4.096308E-08
  -1.400000E+00  -1.600000E+00   1.577985E-01   5.612931E-08
  -1.500000E+00  -1.500000E+00   1.594132E-01   7.848737E-08
  -1.600000E+00  -1.400000E+00   1.612930E-01   1.123144E-07
  -1.800000E+00  -1.200000E+00   1.661408E-01   2.500675E-07
  -2.000000E+00  -1.000000E+00   1.732474E-01   6.440634E-07
  -2.200000E+00  -8.000000E-01   1.845071E-01   2.047220E-06
  -2.400000E+00  -6.000000E-01   2.045741E-01   9.055578E-06
  -2.600000E+00  -4.000000E-01   2.482243E-01   7.249146E-05
  -2.800000E+00  -2.000000E-01   3.907137E-01   2.243393E-03
  -3.000000E+00  -1.907259E-14   1.000000E+00   1.000000E+00
  -3.500000E+00   5.000000E-01   1.000000E+00   1.000000E+00
  -4.000000E+00   1.000000E+00   1.000000E+00   1.000000E+00
  21600  2.59200000E+06     NSTEP   TIME
 SURFACE NODE =    25  X =   3.2000E+00  Y =   3.2000E+00
              Z  PRESSURE HEAD             SW           CKRW
   0.000000E+00  -2.722508E-01   3.142495E-01   5.025595E-04
  -1.000000E-01  -1.880289E-01   4.088540E-01   2.997649E-03
  -2.000000E-01  -1.724956E-01   4.357850E-01   4.462696E-03
  -3.000000E-01  -1.737164E-01   4.335140E-01   4.321222E-03
  -4.000000E-01  -1.771674E-01   4.272430E-01   3.948583E-03
  -5.000000E-01  -1.826658E-01   4.176876E-01   3.429205E-03
  -6.000000E-01  -1.958372E-01   3.967879E-01   2.477366E-03
  -7.000000E-01  -2.371278E-01   3.456294E-01   9.904980E-04
  -8.000000E-01  -3.945001E-01   2.501262E-01   7.778658E-05
  -9.000000E-01  -1.484600E+00   1.596840E-01   8.280963E-08
  -1.000000E+00  -1.999408E+00   1.531428E-01   1.763098E-08
  -1.100000E+00  -1.900001E+00   1.540944E-01   2.298151E-08
  -1.200000E+00  -1.800000E+00   1.551734E-01   3.043711E-08
  -1.300000E+00  -1.700000E+00   1.563981E-01   4.096308E-08
  -1.400000E+00  -1.600000E+00   1.577985E-01   5.612931E-08
  -1.500000E+00  -1.500000E+00   1.594132E-01   7.848737E-08
  -1.600000E+00  -1.400000E+00   1.612930E-01   1.123144E-07
  -1.800000E+00  -1.200000E+00   1.661408E-01   2.500675E-07
  -2.000000E+00  -1.000000E+00   1.732474E-01   6.440634E-07
  -2.200000E+00  -8.000000E-01   1.845071E-01   2.047220E-06
  -2.400000E+00  -6.000000E-01   2.045741E-01   9.055578E-06
  -2.600000E+00  -4.000000E-01   2.482243E-01   7.249146E-05
  -2.800000E+00  -2.000000E-01   3.907137E-01   2.243393E-03
  -3.000000E+00  -5.032175E-15   1.000000E+00   1.000000E+00
  -3.500000E+00   5.000000E-01   1.000000E+00   1.000000E+00
  -4.000000E+00   1.000000E+00   1.000000E+00   1.000000E+00
 SURFACE NODE =    90  X =   3.0000E+00  Y =   3.1000E+00
              Z  PRESSURE HEAD             SW           CKRW
   0.000000E+00  -1.798597E-01   4.224989E-01   3.683630E-03
  -1.000000E-01  -1.346422E-01   5.225889E-01   1.323352E-02
  -2.000000E-01  -1.221970E-01   5.596186E-01   1.969181E-02
  -3.000000E-01  -1.258670E-01   5.481856E-01   1.747634E-02
  -4.000000E-01  -1.359028E-01   5.191043E-01   1.272591E-02
  -5.000000E-01  -1.446523E-01   4.961692E-01   9.756320E-03
  -6.000000E-01  -1.530966E-01   4.759667E-01   7.619870E-03
  -7.000000E-01  -1.729744E-01   4.348909E-01   4.406573E-03
  -8.000000E-01  -2.568112E-01   3.269659E-01   6.704284E-04
  -9.000000E-01  -9.195297E-01   1.771125E-01   9.950551E-07
  -1.000000E+00  -1.989576E+00   1.532321E-01   1.808853E-08
  -1.100000E+00  -1.899991E+00   1.540945E-01   2.298211E-08
  -1.200000E+00  -1.800000E+00   1.551734E-01   3.043711E-08
  -1.300000E+00  -1.700000E+00   1.563981E-01   4.096308E-08
  -1.400000E+00  -1.600000E+00   1.577985E-01   5.612931E-08
  -1.500000E+00  -1.500000E+00   1.594132E-01   7.848737E-08
  -1.600000E+00  -1.400000E+00   1.612930E-01   1.123144E-07
  -1.800000E+00  -1.200000E+00   1.661408E-01   2.500675E-07
  -2.000000E+00  -1.000000E+00   1.732474E-01   6.440634E-07
  -2.200000E+00  -8.000000E-01   1.845071E-01   2.047220E-06
  -2.400000E+00  -6.000000E-01   2.045741E-01   9.055578E-06
  -2.600000E+00  -4.000000E-01   2.482243E-01   7.249146E-05
  -2.800000E+00  -2.000000E-01   3.907137E-01   2.243393E-03
  -3.000000E+00  -1.909087E-14   1.000000E+00   1.000000E+00
  -3.500000E+00   5.000000E-01   1.000000E+00   1.000000E+00
  -4.000000E+00   1.000000E+00   1.000000E+00   1.000000E+00
