      0  0.00000000E+00     NSTEP   TIME
 SURFACE NODE              X              Y  PRESSURE HEAD
            1   2.800000E+00   2.800000E+00  -2.652727E-01
            2   3.000000E+00   2.800000E+00  -2.072550E-01
            3   3.200000E+00   2.800000E+00  -2.564100E-01
            4   3.400000E+00   2.800000E+00  -2.790704E+00
            5   3.600000E+00   2.800000E+00  -3.000000E+00
            6   2.800000E+00   3.000000E+00  -2.053213E-01
            7   3.000000E+00   3.000000E+00  -1.775518E-01
            8   3.200000E+00   3.000000E+00  -2.010408E-01
            9   3.400000E+00   3.000000E+00  -9.781662E-01
           10   3.600000E+00   3.000000E+00  -3.000000E+00
           11   2.800000E+00   3.200000E+00  -2.034723E-01
           12   3.000000E+00   3.200000E+00  -1.776520E-01
           13   3.400000E+00   3.200000E+00  -9.813115E-01
           14   3.600000E+00   3.200000E+00  -3.000000E+00
           15   2.800000E+00   3.400000E+00  -2.494628E-01
           16   3.000000E+00   3.400000E+00  -2.022075E-01
           17   3.200000E+00   3.400000E+00  -2.436870E-01
           18   3.400000E+00   3.400000E+00  -2.665534E+00
           19   3.600000E+00   3.400000E+00  -3.000000E+00
           20   2.800000E+00   3.600000E+00  -2.704300E+00
           21   3.000000E+00   3.600000E+00  -1.157740E+00
           22   3.200000E+00   3.600000E+00  -2.686412E+00
           23   3.400000E+00   3.600000E+00  -3.000000E+00
           24   3.600000E+00   3.600000E+00  -3.000000E+00
           25   3.200000E+00   3.200000E+00  -2.011468E-01
           26   2.600000E+00   2.600000E+00  -2.999992E+00
           27   3.800000E+00   2.600000E+00  -3.000000E+00
           28   3.800000E+00   3.800000E+00  -3.000000E+00
           29   2.600000E+00   3.800000E+00  -3.000000E+00
           30   0.000000E+00   0.000000E+00  -3.000000E+00
           31   6.400000E+00   0.000000E+00  -3.000000E+00
           32   6.400000E+00   6.400000E+00  -3.000000E+00
           33   0.000000E+00   6.400000E+00  -3.000000E+00
           34   2.130000E+00   0.000000E+00  -3.000000E+00
           35   4.270000E+00   0.000000E+00  -3.000000E+00
           36   6.400000E+00   2.130000E+00  -3.000000E+00
           37   6.400000E+00   4.270000E+00  -3.000000E+00
           38   4.270000E+00   6.400000E+00  -3.000000E+00
           39   2.130000E+00   6.400000E+00  -3.000000E+00
           40   0.000000E+00   4.270000E+00  -3.000000E+00
           41   0.000000E+00   2.130000E+00  -3.000000E+00
           42   2.700000E+00   2.600000E+00  -2.977353E+00
           43   2.800000E+00   2.600000E+00  -2.320982E+00
           44   2.900000E+00   2.600000E+00  -1.656089E+00
           45   3.000000E+00   2.600000E+00  -1.426129E+00
           46   3.100000E+00   2.600000E+00  -1.536261E+00
           47   3.200000E+00   2.600000E+00  -2.078102E+00
           48   3.300000E+00   2.600000E+00  -2.931210E+00
           49   3.400000E+00   2.600000E+00  -2.999970E+00
           50   3.500000E+00   2.600000E+00  -3.000000E+00
           51   3.600000E+00   2.600000E+00  -3.000000E+00
           52   3.700000E+00   2.600000E+00  -3.000000E+00
           53   3.800000E+00   2.700000E+00  -3.000000E+00
           54   3.800000E+00   2.800000E+00  -3.000000E+00
           55   3.800000E+00   2.900000E+00  -3.000000E+00
           56   3.800000E+00   3.000000E+00  -3.000000E+00
           57   3.800000E+00   3.100000E+00  -3.000000E+00
           58   3.800000E+00   3.200000E+00  -3.000000E+00
           59   3.800000E+00   3.300000E+00  -3.000000E+00
           60   3.800000E+00   3.400000E+00  -3.000000E+00
           61   3.800000E+00   3.500000E+00  -3.000000E+00
           62   3.800000E+00   3.600000E+00  -3.000000E+00
           63   3.800000E+00   3.700000E+00  -3.000000E+00
           64   3.700000E+00   3.800000E+00  -3.000000E+00
           65   3.600000E+00   3.800000E+00  -3.000000E+00
           66   3.500000E+00   3.800000E+00  -3.000000E+00
           67   3.400000E+00   3.800000E+00  -3.000000E+00
           68   3.300000E+00   3.800000E+00  -3.000000E+00
           69   3.200000E+00   3.800000E+00  -3.000000E+00
           70   3.100000E+00   3.800000E+00  -3.000000E+00
           71   3.000000E+00   3.800000E+00  -2.999999E+00
           72   2.900000E+00   3.800000E+00  -3.000000E+00
           73   2.800000E+00   3.800000E+00  -3.000000E+00
           74   2.700000E+00   3.800000E+00  -3.000000E+00
           75   2.600000E+00   3.700000E+00  -3.000000E+00
           76   2.600000E+00   3.600000E+00  -2.999976E+00
           77   2.600000E+00   3.500000E+00  -2.907988E+00
           78   2.600000E+00   3.400000E+00  -2.023287E+00
           79   2.600000E+00   3.300000E+00  -1.410190E+00
           80   2.600000E+00   3.200000E+00  -1.127164E+00
           81   2.600000E+00   3.100000E+00  -1.067194E+00
           82   2.600000E+00   3.000000E+00  -1.159863E+00
           83   2.600000E+00   2.900000E+00  -1.455287E+00
           84   2.600000E+00   2.800000E+00  -2.104246E+00
           85   2.600000E+00   2.700000E+00  -2.969494E+00
           86   2.900000E+00   2.800000E+00  -2.078696E-01
           87   3.000000E+00   2.900000E+00  -1.727219E-01
           88   2.900000E+00   3.000000E+00  -1.728122E-01
           89   2.800000E+00   2.900000E+00  -2.068489E-01
           90   3.000000E+00   3.100000E+00  -1.718163E-01
           91   2.900000E+00   3.200000E+00  -1.721900E-01
           92   2.800000E+00   3.100000E+00  -2.001238E-01
           93   3.000000E+00   3.300000E+00  -1.730000E-01
           94   2.900000E+00   3.400000E+00  -2.013349E-01
           95   2.800000E+00   3.300000E+00  -2.014875E-01
           96   3.000000E+00   3.500000E+00  -2.831762E-01
           97   2.900000E+00   3.600000E+00  -1.571579E+00
           98   2.800000E+00   3.500000E+00  -4.625821E-01
           99   3.100000E+00   3.400000E+00  -2.014277E-01
          100   3.200000E+00   3.500000E+00  -4.352016E-01
          101   3.100000E+00   3.600000E+00  -1.554721E+00
          102   3.100000E+00   3.200000E+00  -1.729614E-01
          103   3.200000E+00   3.300000E+00  -2.013217E-01
          104   3.100000E+00   3.000000E+00  -1.728956E-01
          105   3.200000E+00   3.100000E+00  -1.965913E-01
          106   3.100000E+00   2.800000E+00  -2.058501E-01
          107   3.200000E+00   2.900000E+00  -2.016825E-01
          108   3.300000E+00   2.800000E+00  -5.038842E-01
          109   3.400000E+00   2.900000E+00  -1.476106E+00
          110   3.300000E+00   3.000000E+00  -2.759229E-01
          111   3.400000E+00   3.100000E+00  -1.015081E+00
          112   3.300000E+00   3.200000E+00  -2.757641E-01
          113   3.400000E+00   3.300000E+00  -1.479866E+00
          114   3.300000E+00   3.400000E+00  -4.344525E-01
          115   3.400000E+00   3.500000E+00  -2.999568E+00
          116   3.300000E+00   3.600000E+00  -2.999673E+00
          117   3.500000E+00   3.600000E+00  -3.000000E+00
          118   3.600000E+00   3.500000E+00  -3.000000E+00
          119   3.500000E+00   3.400000E+00  -3.000054E+00
          120   3.600000E+00   3.300000E+00  -3.000000E+00
          121   3.500000E+00   3.200000E+00  -3.012708E+00
          122   3.600000E+00   3.100000E+00  -3.000000E+00
          123   3.500000E+00   3.000000E+00  -3.012113E+00
          124   3.600000E+00   2.900000E+00  -3.000000E+00
          125   3.500000E+00   2.800000E+00  -3.000008E+00
          126   2.900000E+00   3.500000E+00  -3.134416E-01
          127   2.950000E+00   3.550000E+00  -6.320245E-01
          128   2.950000E+00   3.450000E+00  -2.290643E-01
          129   2.850000E+00   3.550000E+00  -8.663170E-01
          130   2.850000E+00   3.450000E+00  -2.621462E-01
          131   2.900000E+00   3.300000E+00  -1.749705E-01
          132   2.850000E+00   3.350000E+00  -1.889782E-01
          133   2.950000E+00   3.250000E+00  -1.699831E-01
          134   2.950000E+00   3.350000E+00  -1.788921E-01
          135   2.850000E+00   3.250000E+00  -1.756683E-01
          136   2.900000E+00   3.100000E+00  -1.717476E-01
          137   2.850000E+00   3.150000E+00  -1.786090E-01
          138   2.950000E+00   3.150000E+00  -1.698837E-01
          139   2.950000E+00   3.050000E+00  -1.699917E-01
          140   2.850000E+00   3.050000E+00  -1.789894E-01
          141   2.900000E+00   2.900000E+00  -1.733054E-01
          142   2.850000E+00   2.850000E+00  -1.923708E-01
          143   2.850000E+00   2.950000E+00  -1.791360E-01
          144   2.950000E+00   2.950000E+00  -1.694934E-01
          145   2.950000E+00   2.850000E+00  -1.794651E-01
          146   3.100000E+00   2.900000E+00  -1.732379E-01
          147   3.150000E+00   2.850000E+00  -1.907799E-01
          148   3.050000E+00   2.950000E+00  -1.695828E-01
          149   3.050000E+00   2.850000E+00  -1.792968E-01
          150   3.150000E+00   2.950000E+00  -1.782339E-01
          151   3.100000E+00   3.100000E+00  -1.718275E-01
          152   3.150000E+00   3.050000E+00  -1.782746E-01
          153   3.050000E+00   3.150000E+00  -1.701045E-01
          154   3.050000E+00   3.050000E+00  -1.700831E-01
          155   3.150000E+00   3.150000E+00  -1.782804E-01
          156   3.100000E+00   3.300000E+00  -1.732521E-01
          157   3.150000E+00   3.250000E+00  -1.783032E-01
          158   3.050000E+00   3.250000E+00  -1.697652E-01
          159   3.050000E+00   3.350000E+00  -1.784721E-01
          160   3.150000E+00   3.350000E+00  -1.891336E-01
          161   3.100000E+00   3.500000E+00  -3.126242E-01
          162   3.150000E+00   3.550000E+00  -8.597194E-01
          163   3.050000E+00   3.450000E+00  -2.291232E-01
          164   3.150000E+00   3.450000E+00  -2.590986E-01
          165   3.050000E+00   3.550000E+00  -6.299317E-01
          166   3.300000E+00   3.500000E+00  -2.162495E+00
          167   3.350000E+00   3.550000E+00  -2.999287E+00
          168   3.350000E+00   3.450000E+00  -2.279072E+00
          169   3.250000E+00   3.450000E+00  -3.928812E-01
          170   3.250000E+00   3.550000E+00  -2.283268E+00
          171   3.300000E+00   3.300000E+00  -3.093148E-01
          172   3.250000E+00   3.250000E+00  -2.274230E-01
          173   3.350000E+00   3.250000E+00  -5.733945E-01
          174   3.350000E+00   3.350000E+00  -8.366936E-01
          175   3.250000E+00   3.350000E+00  -2.586057E-01
          176   3.300000E+00   3.100000E+00  -2.768898E-01
          177   3.350000E+00   3.050000E+00  -5.064549E-01
          178   3.350000E+00   3.150000E+00  -4.986446E-01
          179   3.250000E+00   3.050000E+00  -2.223149E-01
          180   3.250000E+00   3.150000E+00  -2.227396E-01
          181   3.300000E+00   2.900000E+00  -3.067313E-01
          182   3.250000E+00   2.850000E+00  -2.650392E-01
          183   3.350000E+00   2.850000E+00  -8.735261E-01
          184   3.350000E+00   2.950000E+00  -5.534561E-01
          185   3.250000E+00   2.950000E+00  -2.269303E-01
          186   3.500000E+00   3.500000E+00  -3.000000E+00
          187   3.550000E+00   3.450000E+00  -3.000000E+00
          188   3.450000E+00   3.450000E+00  -2.999909E+00
          189   3.550000E+00   3.550000E+00  -3.000000E+00
          190   3.450000E+00   3.550000E+00  -3.000000E+00
          191   3.500000E+00   3.300000E+00  -3.002566E+00
          192   3.450000E+00   3.250000E+00  -2.962340E+00
          193   3.550000E+00   3.350000E+00  -3.000001E+00
          194   3.550000E+00   3.250000E+00  -3.000004E+00
          195   3.450000E+00   3.350000E+00  -2.993911E+00
          196   3.500000E+00   3.100000E+00  -3.018009E+00
          197   3.450000E+00   3.050000E+00  -2.940360E+00
          198   3.550000E+00   3.150000E+00  -3.000010E+00
          199   3.550000E+00   3.050000E+00  -3.000010E+00
          200   3.450000E+00   3.150000E+00  -2.939809E+00
          201   3.500000E+00   2.900000E+00  -3.001922E+00
          202   3.450000E+00   2.850000E+00  -2.994610E+00
          203   3.550000E+00   2.950000E+00  -3.000004E+00
          204   3.550000E+00   2.850000E+00  -3.000001E+00
          205   3.450000E+00   2.950000E+00  -2.962732E+00
          206   3.670000E+00   3.670000E+00  -3.000000E+00
          207   2.730000E+00   3.670000E+00  -2.999914E+00
          208   2.730000E+00   2.730000E+00  -6.694414E-01
          209   3.670000E+00   2.730000E+00  -3.000000E+00
          210   2.950000E+00   2.700000E+00  -3.048055E-01
          211   3.710000E+00   2.850000E+00  -3.000000E+00
          212   2.690000E+00   3.550000E+00  -2.747050E+00
          213   3.550000E+00   3.710000E+00  -3.000000E+00
          214   3.700000E+00   3.050000E+00  -3.000000E+00
          215   3.150000E+00   2.700000E+00  -3.513789E-01
          216   2.700000E+00   2.850000E+00  -3.691210E-01
          217   2.850000E+00   3.700000E+00  -2.999401E+00
          218   3.350000E+00   2.700000E+00  -2.815868E+00
          219   3.700000E+00   3.250000E+00  -3.000000E+00
          220   3.700000E+00   3.450000E+00  -3.000000E+00
          221   2.700000E+00   3.350000E+00  -3.332036E-01
          222   3.350000E+00   3.700000E+00  -3.000000E+00
          223   3.550000E+00   2.690000E+00  -3.000000E+00
          224   2.700000E+00   3.050000E+00  -2.785942E-01
          225   3.050000E+00   3.700000E+00  -2.996613E+00
          226   2.700000E+00   3.250000E+00  -2.850854E-01
          227   3.250000E+00   3.700000E+00  -2.999988E+00
          228   2.850000E+00   2.690000E+00  -3.996314E-01
          229   3.700000E+00   3.550000E+00  -3.000000E+00
          230   3.700000E+00   3.150000E+00  -3.000000E+00
          231   3.450000E+00   2.700000E+00  -2.999968E+00
          232   3.050000E+00   2.700000E+00  -3.011801E-01
          233   3.700000E+00   3.350000E+00  -3.000000E+00
          234   2.700000E+00   2.950000E+00  -2.963240E-01
          235   2.950000E+00   3.700000E+00  -2.996154E+00
          236   2.700000E+00   3.450000E+00  -5.522907E-01
          237   3.450000E+00   3.700000E+00  -3.000000E+00
          238   3.700000E+00   2.950000E+00  -3.000000E+00
          239   3.250000E+00   2.700000E+00  -6.237017E-01
          240   2.700000E+00   3.150000E+00  -2.800662E-01
          241   3.150000E+00   3.700000E+00  -2.999077E+00
          242   2.780000E+00   3.730000E+00  -3.000001E+00
          243   2.670000E+00   2.780000E+00  -7.417038E-01
          244   3.730000E+00   2.780000E+00  -3.000000E+00
          245   3.620000E+00   2.670000E+00  -3.000000E+00
          246   3.620000E+00   3.730000E+00  -3.000000E+00
          247   2.670000E+00   3.620000E+00  -2.999918E+00
          248   2.770000E+00   2.670000E+00  -7.656711E-01
          249   3.730000E+00   3.630000E+00  -3.000000E+00
          250   2.680000E+00   3.720000E+00  -3.000000E+00
          251   3.720000E+00   3.730000E+00  -3.000000E+00
          252   2.670000E+00   2.680000E+00  -2.890835E+00
          253   3.720000E+00   2.680000E+00  -3.000000E+00
          254   3.170000E+00   5.310000E+00  -3.000000E+00
          255   1.090000E+00   3.170000E+00  -3.000000E+00
          256   5.310000E+00   3.230000E+00  -3.000000E+00
          257   3.230000E+00   1.090000E+00  -3.000000E+00
          258   2.580000E+00   4.550000E+00  -3.000000E+00
          259   3.350000E+00   4.510000E+00  -3.000000E+00
          260   1.850000E+00   2.580000E+00  -3.000000E+00
          261   1.890000E+00   3.350000E+00  -3.000000E+00
          262   1.740000E+00   4.170000E+00  -3.000000E+00
          263   4.550000E+00   3.820000E+00  -3.000000E+00
          264   4.510000E+00   3.050000E+00  -3.000000E+00
          265   4.170000E+00   4.660000E+00  -3.000000E+00
          266   3.820000E+00   1.850000E+00  -3.000000E+00
          267   3.050000E+00   1.890000E+00  -3.000000E+00
          268   2.230000E+00   1.740000E+00  -3.000000E+00
          269   4.660000E+00   2.230000E+00  -3.000000E+00
          270   3.440000E+00   2.180000E+00  -3.000000E+00
          271   4.220000E+00   3.440000E+00  -3.000000E+00
          272   2.180000E+00   2.960000E+00  -3.000000E+00
          273   2.960000E+00   4.220000E+00  -3.000000E+00
          274   2.150000E+00   3.730000E+00  -3.000000E+00
          275   3.730000E+00   4.250000E+00  -3.000000E+00
          276   4.250000E+00   2.670000E+00  -3.000000E+00
          277   2.670000E+00   2.150000E+00  -3.000000E+00
          278   3.210000E+00   4.140000E+00  -3.000000E+00
          279   2.250000E+00   3.210000E+00  -3.000000E+00
          280   4.150000E+00   3.720000E+00  -3.000000E+00
          281   2.680000E+00   4.150000E+00  -3.000000E+00
          282   3.720000E+00   2.250000E+00  -3.000000E+00
          283   4.140000E+00   3.190000E+00  -3.000000E+00
          284   2.250000E+00   2.680000E+00  -3.000000E+00
          285   3.190000E+00   2.260000E+00  -3.000000E+00
          286   4.010000E+00   3.560000E+00  -3.000000E+00
          287   4.010000E+00   3.340000E+00  -3.000000E+00
          288   3.560000E+00   2.390000E+00  -3.000000E+00
          289   3.340000E+00   2.390000E+00  -3.000000E+00
          290   2.840000E+00   4.010000E+00  -3.000000E+00
          291   3.060000E+00   4.010000E+00  -3.000000E+00
          292   2.400000E+00   3.060000E+00  -3.000000E+00
          293   2.390000E+00   2.840000E+00  -3.000000E+00
          294   3.450000E+00   4.040000E+00  -3.000000E+00
          295   3.650000E+00   4.000000E+00  -3.000000E+00
          296   4.040000E+00   2.950000E+00  -3.000000E+00
          297   4.000000E+00   2.750000E+00  -3.000000E+00
          298   2.360000E+00   3.450000E+00  -3.000000E+00
          299   2.400000E+00   3.650000E+00  -3.000000E+00
          300   2.950000E+00   2.360000E+00  -3.000000E+00
          301   2.750000E+00   2.400000E+00  -3.000000E+00
          302   2.420000E+00   3.970000E+00  -3.000000E+00
          303   3.970000E+00   3.980000E+00  -3.000000E+00
          304   2.430000E+00   2.420000E+00  -3.000000E+00
          305   3.980000E+00   2.430000E+00  -3.000000E+00
          306   3.250000E+00   3.960000E+00  -3.000000E+00
          307   2.440000E+00   3.250000E+00  -2.999573E+00
          308   2.650000E+00   3.960000E+00  -3.000000E+00
          309   3.960000E+00   3.150000E+00  -3.000000E+00
          310   3.150000E+00   2.440000E+00  -2.999952E+00
          311   3.960000E+00   3.750000E+00  -3.000000E+00
          312   2.440000E+00   2.650000E+00  -3.000000E+00
          313   3.750000E+00   2.440000E+00  -3.000000E+00
          314   2.950000E+00   3.900000E+00  -3.000000E+00
          315   2.500000E+00   2.950000E+00  -2.996980E+00
          316   3.900000E+00   3.450000E+00  -3.000000E+00
          317   3.450000E+00   2.500000E+00  -3.000000E+00
          318   2.760000E+00   3.900000E+00  -3.000000E+00
          319   3.140000E+00   3.900000E+00  -3.000000E+00
          320   2.500000E+00   3.140000E+00  -2.992113E+00
          321   3.900000E+00   3.640000E+00  -3.000000E+00
          322   3.900000E+00   3.260000E+00  -3.000000E+00
          323   3.260000E+00   2.500000E+00  -2.999723E+00
          324   2.500000E+00   2.760000E+00  -2.999887E+00
          325   3.360000E+00   3.900000E+00  -3.000000E+00
          326   2.500000E+00   3.360000E+00  -2.998158E+00
          327   3.900000E+00   3.040000E+00  -3.000000E+00
          328   3.040000E+00   2.500000E+00  -2.997988E+00
          329   3.640000E+00   2.500000E+00  -3.000000E+00
          330   5.270000E+00   4.690000E+00  -3.000000E+00
          331   4.690000E+00   1.130000E+00  -3.000000E+00
          332   1.710000E+00   5.270000E+00  -3.000000E+00
          333   1.130000E+00   1.710000E+00  -3.000000E+00
          334   3.890000E+00   3.550000E+00  -3.000000E+00
          335   3.550000E+00   2.510000E+00  -3.000000E+00
          336   3.050000E+00   3.890000E+00  -3.000000E+00
          337   2.510000E+00   3.050000E+00  -2.990544E+00
          338   3.890000E+00   3.350000E+00  -3.000000E+00
          339   3.350000E+00   2.510000E+00  -2.999995E+00
          340   2.850000E+00   3.890000E+00  -3.000000E+00
          341   2.510000E+00   2.850000E+00  -2.998284E+00
          342   3.450000E+00   3.890000E+00  -3.000000E+00
          343   3.550000E+00   3.900000E+00  -3.000000E+00
          344   3.650000E+00   3.880000E+00  -3.000000E+00
          345   2.510000E+00   3.450000E+00  -2.999716E+00
          346   2.500000E+00   3.550000E+00  -2.999996E+00
          347   2.520000E+00   3.650000E+00  -3.000000E+00
          348   3.890000E+00   2.950000E+00  -3.000000E+00
          349   3.900000E+00   2.850000E+00  -3.000000E+00
