      0  0.00000000E+00     NSTEP   TIME
 SURFACE NODE              X              Y      REC. FLUX
            1   2.800000E+00   2.800000E+00   0.000000E+00
            2   3.000000E+00   2.800000E+00   0.000000E+00
            3   3.200000E+00   2.800000E+00   4.593979E-18
            4   3.400000E+00   2.800000E+00   0.000000E+00
            5   3.600000E+00   2.800000E+00   1.006652E-19
            6   2.800000E+00   3.000000E+00   2.329113E-17
            7   3.000000E+00   3.000000E+00   5.386311E-18
            8   3.200000E+00   3.000000E+00   0.000000E+00
            9   3.400000E+00   3.000000E+00   0.000000E+00
           10   3.600000E+00   3.000000E+00   0.000000E+00
           11   2.800000E+00   3.200000E+00   6.927045E-18
           12   3.000000E+00   3.200000E+00   0.000000E+00
           13   3.400000E+00   3.200000E+00   2.494119E-19
           14   3.600000E+00   3.200000E+00   0.000000E+00
           15   2.800000E+00   3.400000E+00   0.000000E+00
           16   3.000000E+00   3.400000E+00   0.000000E+00
           17   3.200000E+00   3.400000E+00   4.496802E-19
           18   3.400000E+00   3.400000E+00   0.000000E+00
           19   3.600000E+00   3.400000E+00   1.845413E-18
           20   2.800000E+00   3.600000E+00   0.000000E+00
           21   3.000000E+00   3.600000E+00   2.488545E-18
           22   3.200000E+00   3.600000E+00   1.696326E-18
           23   3.400000E+00   3.600000E+00   0.000000E+00
           24   3.600000E+00   3.600000E+00   1.015536E-17
           25   3.200000E+00   3.200000E+00   3.329974E-18
           26   2.600000E+00   2.600000E+00   2.677101E-19
           27   3.800000E+00   2.600000E+00   0.000000E+00
           28   3.800000E+00   3.800000E+00   0.000000E+00
           29   2.600000E+00   3.800000E+00   6.092160E-18
           30   0.000000E+00   0.000000E+00   5.258779E-20
           31   6.400000E+00   0.000000E+00   1.136121E-19
           32   6.400000E+00   6.400000E+00   1.631065E-19
           33   0.000000E+00   6.400000E+00   0.000000E+00
           34   2.130000E+00   0.000000E+00   7.635072E-20
           35   4.270000E+00   0.000000E+00   6.318033E-20
           36   6.400000E+00   2.130000E+00   1.566385E-19
           37   6.400000E+00   4.270000E+00   5.586866E-20
           38   4.270000E+00   6.400000E+00   3.526475E-19
           39   2.130000E+00   6.400000E+00   1.048006E-19
           40   0.000000E+00   4.270000E+00   1.074253E-19
           41   0.000000E+00   2.130000E+00   6.036815E-20
           42   2.700000E+00   2.600000E+00   0.000000E+00
           43   2.800000E+00   2.600000E+00   0.000000E+00
           44   2.900000E+00   2.600000E+00   0.000000E+00
           45   3.000000E+00   2.600000E+00   0.000000E+00
           46   3.100000E+00   2.600000E+00   0.000000E+00
           47   3.200000E+00   2.600000E+00   0.000000E+00
           48   3.300000E+00   2.600000E+00   0.000000E+00
           49   3.400000E+00   2.600000E+00   0.000000E+00
           50   3.500000E+00   2.600000E+00   0.000000E+00
           51   3.600000E+00   2.600000E+00   0.000000E+00
           52   3.700000E+00   2.600000E+00   1.177540E-18
           53   3.800000E+00   2.700000E+00   0.000000E+00
           54   3.800000E+00   2.800000E+00   0.000000E+00
           55   3.800000E+00   2.900000E+00   0.000000E+00
           56   3.800000E+00   3.000000E+00   0.000000E+00
           57   3.800000E+00   3.100000E+00   0.000000E+00
           58   3.800000E+00   3.200000E+00   4.136306E-18
           59   3.800000E+00   3.300000E+00   0.000000E+00
           60   3.800000E+00   3.400000E+00   2.646935E-18
           61   3.800000E+00   3.500000E+00   1.051739E-18
           62   3.800000E+00   3.600000E+00   0.000000E+00
           63   3.800000E+00   3.700000E+00   3.759836E-18
           64   3.700000E+00   3.800000E+00   0.000000E+00
           65   3.600000E+00   3.800000E+00   0.000000E+00
           66   3.500000E+00   3.800000E+00   0.000000E+00
           67   3.400000E+00   3.800000E+00   1.118871E-17
           68   3.300000E+00   3.800000E+00   0.000000E+00
           69   3.200000E+00   3.800000E+00   5.844385E-18
           70   3.100000E+00   3.800000E+00   0.000000E+00
           71   3.000000E+00   3.800000E+00   9.475268E-18
           72   2.900000E+00   3.800000E+00   0.000000E+00
           73   2.800000E+00   3.800000E+00   6.283978E-17
           74   2.700000E+00   3.800000E+00   0.000000E+00
           75   2.600000E+00   3.700000E+00   0.000000E+00
           76   2.600000E+00   3.600000E+00   9.943497E-18
           77   2.600000E+00   3.500000E+00   0.000000E+00
           78   2.600000E+00   3.400000E+00   1.156013E-17
           79   2.600000E+00   3.300000E+00   0.000000E+00
           80   2.600000E+00   3.200000E+00   4.966218E-18
           81   2.600000E+00   3.100000E+00   0.000000E+00
           82   2.600000E+00   3.000000E+00   0.000000E+00
           83   2.600000E+00   2.900000E+00   1.663302E-17
           84   2.600000E+00   2.800000E+00   4.587323E-18
           85   2.600000E+00   2.700000E+00   8.270721E-18
           86   2.900000E+00   2.800000E+00   0.000000E+00
           87   3.000000E+00   2.900000E+00   3.633479E-18
           88   2.900000E+00   3.000000E+00   2.589597E-18
           89   2.800000E+00   2.900000E+00   1.164291E-17
           90   3.000000E+00   3.100000E+00   9.648382E-18
           91   2.900000E+00   3.200000E+00   2.406313E-18
           92   2.800000E+00   3.100000E+00   3.980811E-17
           93   3.000000E+00   3.300000E+00   3.910478E-18
           94   2.900000E+00   3.400000E+00   1.848025E-18
           95   2.800000E+00   3.300000E+00   1.538216E-17
           96   3.000000E+00   3.500000E+00   4.329353E-19
           97   2.900000E+00   3.600000E+00   0.000000E+00
           98   2.800000E+00   3.500000E+00   0.000000E+00
           99   3.100000E+00   3.400000E+00   0.000000E+00
          100   3.200000E+00   3.500000E+00   0.000000E+00
          101   3.100000E+00   3.600000E+00   0.000000E+00
          102   3.100000E+00   3.200000E+00   0.000000E+00
          103   3.200000E+00   3.300000E+00   0.000000E+00
          104   3.100000E+00   3.000000E+00   2.988083E-18
          105   3.200000E+00   3.100000E+00   2.457003E-18
          106   3.100000E+00   2.800000E+00   5.059355E-18
          107   3.200000E+00   2.900000E+00   3.009174E-18
          108   3.300000E+00   2.800000E+00   1.056416E-18
          109   3.400000E+00   2.900000E+00   3.248716E-19
          110   3.300000E+00   3.000000E+00   0.000000E+00
          111   3.400000E+00   3.100000E+00   0.000000E+00
          112   3.300000E+00   3.200000E+00   6.411853E-18
          113   3.400000E+00   3.300000E+00   0.000000E+00
          114   3.300000E+00   3.400000E+00   1.248092E-19
          115   3.400000E+00   3.500000E+00   2.080928E-18
          116   3.300000E+00   3.600000E+00   3.388661E-18
          117   3.500000E+00   3.600000E+00   9.358427E-19
          118   3.600000E+00   3.500000E+00   0.000000E+00
          119   3.500000E+00   3.400000E+00   0.000000E+00
          120   3.600000E+00   3.300000E+00   7.581319E-18
          121   3.500000E+00   3.200000E+00   0.000000E+00
          122   3.600000E+00   3.100000E+00   0.000000E+00
          123   3.500000E+00   3.000000E+00   0.000000E+00
          124   3.600000E+00   2.900000E+00   9.927067E-19
          125   3.500000E+00   2.800000E+00   0.000000E+00
          126   2.900000E+00   3.500000E+00   1.265785E-18
          127   2.950000E+00   3.550000E+00   6.519672E-17
          128   2.950000E+00   3.450000E+00   2.702281E-17
          129   2.850000E+00   3.550000E+00   0.000000E+00
          130   2.850000E+00   3.450000E+00   0.000000E+00
          131   2.900000E+00   3.300000E+00   0.000000E+00
          132   2.850000E+00   3.350000E+00   0.000000E+00
          133   2.950000E+00   3.250000E+00   0.000000E+00
          134   2.950000E+00   3.350000E+00   0.000000E+00
          135   2.850000E+00   3.250000E+00   3.064895E-17
          136   2.900000E+00   3.100000E+00   8.007545E-18
          137   2.850000E+00   3.150000E+00   1.915039E-17
          138   2.950000E+00   3.150000E+00   0.000000E+00
          139   2.950000E+00   3.050000E+00   0.000000E+00
          140   2.850000E+00   3.050000E+00   1.758429E-17
          141   2.900000E+00   2.900000E+00   0.000000E+00
          142   2.850000E+00   2.850000E+00   0.000000E+00
          143   2.850000E+00   2.950000E+00   0.000000E+00
          144   2.950000E+00   2.950000E+00   0.000000E+00
          145   2.950000E+00   2.850000E+00   2.694913E-18
          146   3.100000E+00   2.900000E+00   1.805457E-18
          147   3.150000E+00   2.850000E+00   1.342029E-17
          148   3.050000E+00   2.950000E+00   8.883117E-18
          149   3.050000E+00   2.850000E+00   0.000000E+00
          150   3.150000E+00   2.950000E+00   0.000000E+00
          151   3.100000E+00   3.100000E+00   5.055880E-18
          152   3.150000E+00   3.050000E+00   0.000000E+00
          153   3.050000E+00   3.150000E+00   7.754027E-18
          154   3.050000E+00   3.050000E+00   3.732608E-17
          155   3.150000E+00   3.150000E+00   0.000000E+00
          156   3.100000E+00   3.300000E+00   1.216550E-18
          157   3.150000E+00   3.250000E+00   0.000000E+00
          158   3.050000E+00   3.250000E+00   7.136669E-17
          159   3.050000E+00   3.350000E+00   4.801574E-17
          160   3.150000E+00   3.350000E+00   2.303958E-17
          161   3.100000E+00   3.500000E+00   0.000000E+00
          162   3.150000E+00   3.550000E+00   7.282345E-17
          163   3.050000E+00   3.450000E+00   0.000000E+00
          164   3.150000E+00   3.450000E+00   4.356161E-17
          165   3.050000E+00   3.550000E+00   0.000000E+00
          166   3.300000E+00   3.500000E+00   0.000000E+00
          167   3.350000E+00   3.550000E+00   6.854902E-17
          168   3.350000E+00   3.450000E+00   4.347352E-17
          169   3.250000E+00   3.450000E+00   0.000000E+00
          170   3.250000E+00   3.550000E+00   0.000000E+00
          171   3.300000E+00   3.300000E+00   0.000000E+00
          172   3.250000E+00   3.250000E+00   3.492416E-17
          173   3.350000E+00   3.250000E+00   0.000000E+00
          174   3.350000E+00   3.350000E+00   3.026057E-17
          175   3.250000E+00   3.350000E+00   3.931317E-17
          176   3.300000E+00   3.100000E+00   2.281024E-17
          177   3.350000E+00   3.050000E+00   0.000000E+00
          178   3.350000E+00   3.150000E+00   3.050631E-17
          179   3.250000E+00   3.050000E+00   1.020034E-17
          180   3.250000E+00   3.150000E+00   1.600221E-17
          181   3.300000E+00   2.900000E+00   5.620961E-18
          182   3.250000E+00   2.850000E+00   8.486319E-18
          183   3.350000E+00   2.850000E+00   3.170734E-18
          184   3.350000E+00   2.950000E+00   0.000000E+00
          185   3.250000E+00   2.950000E+00   4.104659E-17
          186   3.500000E+00   3.500000E+00   0.000000E+00
          187   3.550000E+00   3.450000E+00   0.000000E+00
          188   3.450000E+00   3.450000E+00   0.000000E+00
          189   3.550000E+00   3.550000E+00   6.481099E-17
          190   3.450000E+00   3.550000E+00   0.000000E+00
          191   3.500000E+00   3.300000E+00   0.000000E+00
          192   3.450000E+00   3.250000E+00   4.065206E-17
          193   3.550000E+00   3.350000E+00   2.649248E-17
          194   3.550000E+00   3.250000E+00   0.000000E+00
          195   3.450000E+00   3.350000E+00   0.000000E+00
          196   3.500000E+00   3.100000E+00   0.000000E+00
          197   3.450000E+00   3.050000E+00   1.659729E-17
          198   3.550000E+00   3.150000E+00   0.000000E+00
          199   3.550000E+00   3.050000E+00   0.000000E+00
          200   3.450000E+00   3.150000E+00   1.113664E-17
          201   3.500000E+00   2.900000E+00   0.000000E+00
          202   3.450000E+00   2.850000E+00   6.682305E-18
          203   3.550000E+00   2.950000E+00   0.000000E+00
          204   3.550000E+00   2.850000E+00   2.939106E-17
          205   3.450000E+00   2.950000E+00   0.000000E+00
          206   3.670000E+00   3.670000E+00   3.057115E-17
          207   2.730000E+00   3.670000E+00   0.000000E+00
          208   2.730000E+00   2.730000E+00   1.213175E-17
          209   3.670000E+00   2.730000E+00   7.639787E-18
          210   2.950000E+00   2.700000E+00   2.546948E-18
          211   3.710000E+00   2.850000E+00   0.000000E+00
          212   2.690000E+00   3.550000E+00   5.154185E-18
          213   3.550000E+00   3.710000E+00   0.000000E+00
          214   3.700000E+00   3.050000E+00   0.000000E+00
          215   3.150000E+00   2.700000E+00   1.763987E-18
          216   2.700000E+00   2.850000E+00   3.800756E-18
          217   2.850000E+00   3.700000E+00   3.348888E-17
          218   3.350000E+00   2.700000E+00   0.000000E+00
          219   3.700000E+00   3.250000E+00   0.000000E+00
          220   3.700000E+00   3.450000E+00   1.608841E-18
          221   2.700000E+00   3.350000E+00   0.000000E+00
          222   3.350000E+00   3.700000E+00   0.000000E+00
          223   3.550000E+00   2.690000E+00   0.000000E+00
          224   2.700000E+00   3.050000E+00   6.036628E-18
          225   3.050000E+00   3.700000E+00   1.059229E-17
          226   2.700000E+00   3.250000E+00   0.000000E+00
          227   3.250000E+00   3.700000E+00   3.617885E-17
          228   2.850000E+00   2.690000E+00   0.000000E+00
          229   3.700000E+00   3.550000E+00   1.518484E-17
          230   3.700000E+00   3.150000E+00   0.000000E+00
          231   3.450000E+00   2.700000E+00   2.653387E-18
          232   3.050000E+00   2.700000E+00   1.315313E-17
          233   3.700000E+00   3.350000E+00   0.000000E+00
          234   2.700000E+00   2.950000E+00   0.000000E+00
          235   2.950000E+00   3.700000E+00   3.861500E-18
          236   2.700000E+00   3.450000E+00   9.135696E-19
          237   3.450000E+00   3.700000E+00   0.000000E+00
          238   3.700000E+00   2.950000E+00   2.954715E-17
          239   3.250000E+00   2.700000E+00   1.844022E-17
          240   2.700000E+00   3.150000E+00   4.521425E-18
          241   3.150000E+00   3.700000E+00   0.000000E+00
          242   2.780000E+00   3.730000E+00   3.238264E-17
          243   2.670000E+00   2.780000E+00   0.000000E+00
          244   3.730000E+00   2.780000E+00   0.000000E+00
          245   3.620000E+00   2.670000E+00   0.000000E+00
          246   3.620000E+00   3.730000E+00   0.000000E+00
          247   2.670000E+00   3.620000E+00   0.000000E+00
          248   2.770000E+00   2.670000E+00   1.564960E-17
          249   3.730000E+00   3.630000E+00   1.226335E-18
          250   2.680000E+00   3.720000E+00   0.000000E+00
          251   3.720000E+00   3.730000E+00   0.000000E+00
          252   2.670000E+00   2.680000E+00   0.000000E+00
          253   3.720000E+00   2.680000E+00   2.535608E-17
          254   3.170000E+00   5.310000E+00   0.000000E+00
          255   1.090000E+00   3.170000E+00   2.790621E-19
          256   5.310000E+00   3.230000E+00   7.349166E-20
          257   3.230000E+00   1.090000E+00   1.957278E-19
          258   2.580000E+00   4.550000E+00   2.747244E-20
          259   3.350000E+00   4.510000E+00   0.000000E+00
          260   1.850000E+00   2.580000E+00   9.223954E-20
          261   1.890000E+00   3.350000E+00   5.141470E-19
          262   1.740000E+00   4.170000E+00   0.000000E+00
          263   4.550000E+00   3.820000E+00   3.142411E-19
          264   4.510000E+00   3.050000E+00   0.000000E+00
          265   4.170000E+00   4.660000E+00   9.504368E-19
          266   3.820000E+00   1.850000E+00   3.033942E-19
          267   3.050000E+00   1.890000E+00   1.082288E-19
          268   2.230000E+00   1.740000E+00   5.228246E-19
          269   4.660000E+00   2.230000E+00   1.540298E-19
          270   3.440000E+00   2.180000E+00   0.000000E+00
          271   4.220000E+00   3.440000E+00   0.000000E+00
          272   2.180000E+00   2.960000E+00   0.000000E+00
          273   2.960000E+00   4.220000E+00   0.000000E+00
          274   2.150000E+00   3.730000E+00   1.806095E-18
          275   3.730000E+00   4.250000E+00   1.894193E-19
          276   4.250000E+00   2.670000E+00   9.718004E-19
          277   2.670000E+00   2.150000E+00   5.233126E-19
          278   3.210000E+00   4.140000E+00   2.359894E-18
          279   2.250000E+00   3.210000E+00   0.000000E+00
          280   4.150000E+00   3.720000E+00   6.404799E-18
          281   2.680000E+00   4.150000E+00   8.740259E-19
          282   3.720000E+00   2.250000E+00   0.000000E+00
          283   4.140000E+00   3.190000E+00   0.000000E+00
          284   2.250000E+00   2.680000E+00   0.000000E+00
          285   3.190000E+00   2.260000E+00   0.000000E+00
          286   4.010000E+00   3.560000E+00   0.000000E+00
          287   4.010000E+00   3.340000E+00   0.000000E+00
          288   3.560000E+00   2.390000E+00   6.922254E-19
          289   3.340000E+00   2.390000E+00   0.000000E+00
          290   2.840000E+00   4.010000E+00   0.000000E+00
          291   3.060000E+00   4.010000E+00   0.000000E+00
          292   2.400000E+00   3.060000E+00   1.102375E-19
          293   2.390000E+00   2.840000E+00   0.000000E+00
          294   3.450000E+00   4.040000E+00   8.267281E-19
          295   3.650000E+00   4.000000E+00   0.000000E+00
          296   4.040000E+00   2.950000E+00   3.756471E-18
          297   4.000000E+00   2.750000E+00   0.000000E+00
          298   2.360000E+00   3.450000E+00   2.800229E-19
          299   2.400000E+00   3.650000E+00   1.298248E-19
          300   2.950000E+00   2.360000E+00   6.792573E-19
          301   2.750000E+00   2.400000E+00   0.000000E+00
          302   2.420000E+00   3.970000E+00   5.892082E-18
          303   3.970000E+00   3.980000E+00   0.000000E+00
          304   2.430000E+00   2.420000E+00   0.000000E+00
          305   3.980000E+00   2.430000E+00   0.000000E+00
          306   3.250000E+00   3.960000E+00   4.493099E-18
          307   2.440000E+00   3.250000E+00   8.052962E-18
          308   2.650000E+00   3.960000E+00   0.000000E+00
          309   3.960000E+00   3.150000E+00   0.000000E+00
          310   3.150000E+00   2.440000E+00   3.262644E-18
          311   3.960000E+00   3.750000E+00   0.000000E+00
          312   2.440000E+00   2.650000E+00   0.000000E+00
          313   3.750000E+00   2.440000E+00   1.235783E-18
          314   2.950000E+00   3.900000E+00   6.981408E-18
          315   2.500000E+00   2.950000E+00   0.000000E+00
          316   3.900000E+00   3.450000E+00   0.000000E+00
          317   3.450000E+00   2.500000E+00   0.000000E+00
          318   2.760000E+00   3.900000E+00   0.000000E+00
          319   3.140000E+00   3.900000E+00   1.670372E-17
          320   2.500000E+00   3.140000E+00   1.391490E-17
          321   3.900000E+00   3.640000E+00   0.000000E+00
          322   3.900000E+00   3.260000E+00   0.000000E+00
          323   3.260000E+00   2.500000E+00   4.780944E-18
          324   2.500000E+00   2.760000E+00   0.000000E+00
          325   3.360000E+00   3.900000E+00   1.424905E-17
          326   2.500000E+00   3.360000E+00   1.870888E-17
          327   3.900000E+00   3.040000E+00   0.000000E+00
          328   3.040000E+00   2.500000E+00   0.000000E+00
          329   3.640000E+00   2.500000E+00   0.000000E+00
          330   5.270000E+00   4.690000E+00   1.049277E-19
          331   4.690000E+00   1.130000E+00   1.381718E-19
          332   1.710000E+00   5.270000E+00   0.000000E+00
          333   1.130000E+00   1.710000E+00   0.000000E+00
          334   3.890000E+00   3.550000E+00   5.539097E-18
          335   3.550000E+00   2.510000E+00   0.000000E+00
          336   3.050000E+00   3.890000E+00   2.167361E-17
          337   2.510000E+00   3.050000E+00   0.000000E+00
          338   3.890000E+00   3.350000E+00   0.000000E+00
          339   3.350000E+00   2.510000E+00   5.433463E-19
          340   2.850000E+00   3.890000E+00   2.545422E-17
          341   2.510000E+00   2.850000E+00   0.000000E+00
          342   3.450000E+00   3.890000E+00   3.300268E-17
          343   3.550000E+00   3.900000E+00   1.149580E-17
          344   3.650000E+00   3.880000E+00   4.562204E-18
          345   2.510000E+00   3.450000E+00   3.430231E-17
          346   2.500000E+00   3.550000E+00   0.000000E+00
          347   2.520000E+00   3.650000E+00   0.000000E+00
          348   3.890000E+00   2.950000E+00   0.000000E+00
          349   3.900000E+00   2.850000E+00   0.000000E+00
