      0  0.00000000E+00     NSTEP   TIME
 SURFACE NODE              X              Y             SW
            1   2.800000E+00   2.800000E+00   3.198082E-01
            2   3.000000E+00   2.800000E+00   3.806783E-01
            3   3.200000E+00   2.800000E+00   3.273173E-01
            4   3.400000E+00   2.800000E+00   1.482397E-01
            5   3.600000E+00   2.800000E+00   1.474252E-01
            6   2.800000E+00   3.000000E+00   3.832872E-01
            7   3.000000E+00   3.000000E+00   4.265578E-01
            8   3.200000E+00   3.000000E+00   3.892319E-01
            9   3.400000E+00   3.000000E+00   1.742250E-01
           10   3.600000E+00   3.000000E+00   1.474252E-01
           11   2.800000E+00   3.200000E+00   3.858260E-01
           12   3.000000E+00   3.200000E+00   4.263796E-01
           13   3.400000E+00   3.200000E+00   1.740811E-01
           14   3.600000E+00   3.200000E+00   1.474252E-01
           15   2.800000E+00   3.400000E+00   3.335849E-01
           16   3.000000E+00   3.400000E+00   3.875880E-01
           17   3.200000E+00   3.400000E+00   3.390717E-01
           18   3.400000E+00   3.400000E+00   1.487970E-01
           19   3.600000E+00   3.400000E+00   1.474252E-01
           20   2.800000E+00   3.600000E+00   1.486181E-01
           21   3.000000E+00   3.600000E+00   1.674113E-01
           22   3.200000E+00   3.600000E+00   1.487000E-01
           23   3.400000E+00   3.600000E+00   1.474252E-01
           24   3.600000E+00   3.600000E+00   1.474252E-01
           25   3.200000E+00   3.200000E+00   3.890818E-01
           26   2.600000E+00   2.600000E+00   1.474252E-01
           27   3.800000E+00   2.600000E+00   1.474252E-01
           28   3.800000E+00   3.800000E+00   1.474252E-01
           29   2.600000E+00   3.800000E+00   1.474252E-01
           30   0.000000E+00   0.000000E+00   1.474252E-01
           31   6.400000E+00   0.000000E+00   1.474252E-01
           32   6.400000E+00   6.400000E+00   1.474252E-01
           33   0.000000E+00   6.400000E+00   1.474252E-01
           34   2.130000E+00   0.000000E+00   1.474252E-01
           35   4.270000E+00   0.000000E+00   1.474252E-01
           36   6.400000E+00   2.130000E+00   1.474252E-01
           37   6.400000E+00   4.270000E+00   1.474252E-01
           38   4.270000E+00   6.400000E+00   1.474252E-01
           39   2.130000E+00   6.400000E+00   1.474252E-01
           40   0.000000E+00   4.270000E+00   1.474252E-01
           41   0.000000E+00   2.130000E+00   1.474252E-01
           42   2.700000E+00   2.600000E+00   1.475070E-01
           43   2.800000E+00   2.600000E+00   1.506905E-01
           44   2.900000E+00   2.600000E+00   1.569893E-01
           45   3.000000E+00   2.600000E+00   1.607728E-01
           46   3.100000E+00   2.600000E+00   1.588000E-01
           47   3.200000E+00   2.600000E+00   1.524625E-01
           48   3.300000E+00   2.600000E+00   1.476783E-01
           49   3.400000E+00   2.600000E+00   1.474253E-01
           50   3.500000E+00   2.600000E+00   1.474252E-01
           51   3.600000E+00   2.600000E+00   1.474252E-01
           52   3.700000E+00   2.600000E+00   1.474252E-01
           53   3.800000E+00   2.700000E+00   1.474252E-01
           54   3.800000E+00   2.800000E+00   1.474252E-01
           55   3.800000E+00   2.900000E+00   1.474252E-01
           56   3.800000E+00   3.000000E+00   1.474252E-01
           57   3.800000E+00   3.100000E+00   1.474252E-01
           58   3.800000E+00   3.200000E+00   1.474252E-01
           59   3.800000E+00   3.300000E+00   1.474252E-01
           60   3.800000E+00   3.400000E+00   1.474252E-01
           61   3.800000E+00   3.500000E+00   1.474252E-01
           62   3.800000E+00   3.600000E+00   1.474252E-01
           63   3.800000E+00   3.700000E+00   1.474252E-01
           64   3.700000E+00   3.800000E+00   1.474252E-01
           65   3.600000E+00   3.800000E+00   1.474252E-01
           66   3.500000E+00   3.800000E+00   1.474252E-01
           67   3.400000E+00   3.800000E+00   1.474252E-01
           68   3.300000E+00   3.800000E+00   1.474252E-01
           69   3.200000E+00   3.800000E+00   1.474252E-01
           70   3.100000E+00   3.800000E+00   1.474252E-01
           71   3.000000E+00   3.800000E+00   1.474252E-01
           72   2.900000E+00   3.800000E+00   1.474252E-01
           73   2.800000E+00   3.800000E+00   1.474252E-01
           74   2.700000E+00   3.800000E+00   1.474252E-01
           75   2.600000E+00   3.700000E+00   1.474252E-01
           76   2.600000E+00   3.600000E+00   1.474253E-01
           77   2.600000E+00   3.500000E+00   1.477668E-01
           78   2.600000E+00   3.400000E+00   1.529300E-01
           79   2.600000E+00   3.300000E+00   1.610875E-01
           80   2.600000E+00   3.200000E+00   1.683983E-01
           81   2.600000E+00   3.100000E+00   1.705218E-01
           82   2.600000E+00   3.000000E+00   1.673449E-01
           83   2.600000E+00   2.900000E+00   1.602174E-01
           84   2.600000E+00   2.800000E+00   1.522493E-01
           85   2.600000E+00   2.700000E+00   1.475358E-01
           86   2.900000E+00   2.800000E+00   3.798587E-01
           87   3.000000E+00   2.900000E+00   4.353619E-01
           88   2.900000E+00   3.000000E+00   4.351934E-01
           89   2.800000E+00   2.900000E+00   3.812223E-01
           90   3.000000E+00   3.100000E+00   4.370610E-01
           91   2.900000E+00   3.200000E+00   4.363580E-01
           92   2.800000E+00   3.100000E+00   3.905367E-01
           93   3.000000E+00   3.300000E+00   4.348433E-01
           94   2.900000E+00   3.400000E+00   3.888158E-01
           95   2.800000E+00   3.300000E+00   3.886004E-01
           96   3.000000E+00   3.500000E+00   3.061161E-01
           97   2.900000E+00   3.600000E+00   1.582336E-01
           98   2.800000E+00   3.500000E+00   2.300496E-01
           99   3.100000E+00   3.400000E+00   3.886848E-01
          100   3.200000E+00   3.500000E+00   2.372931E-01
          101   3.100000E+00   3.600000E+00   1.585003E-01
          102   3.100000E+00   3.200000E+00   4.349152E-01
          103   3.200000E+00   3.300000E+00   3.888345E-01
          104   3.100000E+00   3.000000E+00   4.350378E-01
          105   3.200000E+00   3.100000E+00   3.956697E-01
          106   3.100000E+00   2.800000E+00   3.825691E-01
          107   3.200000E+00   2.900000E+00   3.883255E-01
          108   3.300000E+00   2.800000E+00   2.207599E-01
          109   3.400000E+00   2.900000E+00   1.598361E-01
          110   3.300000E+00   3.000000E+00   3.114411E-01
          111   3.400000E+00   3.100000E+00   1.726000E-01
          112   3.300000E+00   3.200000E+00   3.115610E-01
          113   3.400000E+00   3.300000E+00   1.597685E-01
          114   3.300000E+00   3.400000E+00   2.375055E-01
          115   3.400000E+00   3.500000E+00   1.474267E-01
          116   3.300000E+00   3.600000E+00   1.474264E-01
          117   3.500000E+00   3.600000E+00   1.474252E-01
          118   3.600000E+00   3.500000E+00   1.474252E-01
          119   3.500000E+00   3.400000E+00   1.474250E-01
          120   3.600000E+00   3.300000E+00   1.474252E-01
          121   3.500000E+00   3.200000E+00   1.473799E-01
          122   3.600000E+00   3.100000E+00   1.474252E-01
          123   3.500000E+00   3.000000E+00   1.473820E-01
          124   3.600000E+00   2.900000E+00   1.474252E-01
          125   3.500000E+00   2.800000E+00   1.474252E-01
          126   2.900000E+00   3.500000E+00   2.866763E-01
          127   2.950000E+00   3.550000E+00   2.003925E-01
          128   2.950000E+00   3.450000E+00   3.542051E-01
          129   2.850000E+00   3.550000E+00   1.801195E-01
          130   2.850000E+00   3.450000E+00   3.223977E-01
          131   2.900000E+00   3.300000E+00   4.312098E-01
          132   2.850000E+00   3.350000E+00   4.073381E-01
          133   2.950000E+00   3.250000E+00   4.405485E-01
          134   2.950000E+00   3.350000E+00   4.241893E-01
          135   2.850000E+00   3.250000E+00   4.299404E-01
          136   2.900000E+00   3.100000E+00   4.371905E-01
          137   2.850000E+00   3.150000E+00   4.246869E-01
          138   2.950000E+00   3.150000E+00   4.407394E-01
          139   2.950000E+00   3.050000E+00   4.405320E-01
          140   2.850000E+00   3.050000E+00   4.240186E-01
          141   2.900000E+00   2.900000E+00   4.342754E-01
          142   2.850000E+00   2.850000E+00   4.020328E-01
          143   2.850000E+00   2.950000E+00   4.237617E-01
          144   2.950000E+00   2.950000E+00   4.414911E-01
          145   2.950000E+00   2.850000E+00   4.231863E-01
          146   3.100000E+00   2.900000E+00   4.344008E-01
          147   3.150000E+00   2.850000E+00   4.044990E-01
          148   3.050000E+00   2.950000E+00   4.413187E-01
          149   3.050000E+00   2.850000E+00   4.234803E-01
          150   3.150000E+00   2.950000E+00   4.253485E-01
          151   3.100000E+00   3.100000E+00   4.370399E-01
          152   3.150000E+00   3.050000E+00   4.252766E-01
          153   3.050000E+00   3.150000E+00   4.403155E-01
          154   3.050000E+00   3.050000E+00   4.403566E-01
          155   3.150000E+00   3.150000E+00   4.252663E-01
          156   3.100000E+00   3.300000E+00   4.343744E-01
          157   3.150000E+00   3.250000E+00   4.252261E-01
          158   3.050000E+00   3.250000E+00   4.409674E-01
          159   3.050000E+00   3.350000E+00   4.249281E-01
          160   3.150000E+00   3.350000E+00   4.070913E-01
          161   3.100000E+00   3.500000E+00   2.871491E-01
          162   3.150000E+00   3.550000E+00   1.805218E-01
          163   3.050000E+00   3.450000E+00   3.541403E-01
          164   3.150000E+00   3.450000E+00   3.249837E-01
          165   3.050000E+00   3.550000E+00   2.006512E-01
          166   3.300000E+00   3.500000E+00   1.517953E-01
          167   3.350000E+00   3.550000E+00   1.474277E-01
          168   3.350000E+00   3.450000E+00   1.509656E-01
          169   3.250000E+00   3.450000E+00   2.506971E-01
          170   3.250000E+00   3.550000E+00   1.509376E-01
          171   3.300000E+00   3.300000E+00   2.890907E-01
          172   3.250000E+00   3.250000E+00   3.560246E-01
          173   3.350000E+00   3.250000E+00   2.084490E-01
          174   3.350000E+00   3.350000E+00   1.819822E-01
          175   3.250000E+00   3.350000E+00   3.254078E-01
          176   3.300000E+00   3.100000E+00   3.107145E-01
          177   3.350000E+00   3.050000E+00   2.202371E-01
          178   3.350000E+00   3.150000E+00   2.218439E-01
          179   3.250000E+00   3.050000E+00   3.618565E-01
          180   3.250000E+00   3.150000E+00   3.613616E-01
          181   3.300000E+00   2.900000E+00   2.906373E-01
          182   3.250000E+00   2.850000E+00   3.199994E-01
          183   3.350000E+00   2.850000E+00   1.796878E-01
          184   3.350000E+00   2.950000E+00   2.116278E-01
          185   3.250000E+00   2.950000E+00   3.565758E-01
          186   3.500000E+00   3.500000E+00   1.474252E-01
          187   3.550000E+00   3.450000E+00   1.474252E-01
          188   3.450000E+00   3.450000E+00   1.474255E-01
          189   3.550000E+00   3.550000E+00   1.474252E-01
          190   3.450000E+00   3.550000E+00   1.474252E-01
          191   3.500000E+00   3.300000E+00   1.474160E-01
          192   3.450000E+00   3.250000E+00   1.475621E-01
          193   3.550000E+00   3.350000E+00   1.474252E-01
          194   3.550000E+00   3.250000E+00   1.474252E-01
          195   3.450000E+00   3.350000E+00   1.474471E-01
          196   3.500000E+00   3.100000E+00   1.473611E-01
          197   3.450000E+00   3.050000E+00   1.476439E-01
          198   3.550000E+00   3.150000E+00   1.474252E-01
          199   3.550000E+00   3.050000E+00   1.474252E-01
          200   3.450000E+00   3.150000E+00   1.476459E-01
          201   3.500000E+00   2.900000E+00   1.474183E-01
          202   3.450000E+00   2.850000E+00   1.474445E-01
          203   3.550000E+00   2.950000E+00   1.474252E-01
          204   3.550000E+00   2.850000E+00   1.474252E-01
          205   3.450000E+00   2.950000E+00   1.475607E-01
          206   3.670000E+00   3.670000E+00   1.474252E-01
          207   2.730000E+00   3.670000E+00   1.474255E-01
          208   2.730000E+00   2.730000E+00   1.960725E-01
          209   3.670000E+00   2.730000E+00   1.474252E-01
          210   2.950000E+00   2.700000E+00   2.918083E-01
          211   3.710000E+00   2.850000E+00   1.474252E-01
          212   2.690000E+00   3.550000E+00   1.484275E-01
          213   3.550000E+00   3.710000E+00   1.474252E-01
          214   3.700000E+00   3.050000E+00   1.474252E-01
          215   3.150000E+00   2.700000E+00   2.673038E-01
          216   2.700000E+00   2.850000E+00   2.597078E-01
          217   2.850000E+00   3.700000E+00   1.474273E-01
          218   3.350000E+00   2.700000E+00   1.481345E-01
          219   3.700000E+00   3.250000E+00   1.474252E-01
          220   3.700000E+00   3.450000E+00   1.474252E-01
          221   2.700000E+00   3.350000E+00   2.759949E-01
          222   3.350000E+00   3.700000E+00   1.474252E-01
          223   3.550000E+00   2.690000E+00   1.474252E-01
          224   2.700000E+00   3.050000E+00   3.094464E-01
          225   3.050000E+00   3.700000E+00   1.474373E-01
          226   2.700000E+00   3.250000E+00   3.047614E-01
          227   3.250000E+00   3.700000E+00   1.474252E-01
          228   2.850000E+00   2.690000E+00   2.483499E-01
          229   3.700000E+00   3.550000E+00   1.474252E-01
          230   3.700000E+00   3.150000E+00   1.474252E-01
          231   3.450000E+00   2.700000E+00   1.474253E-01
          232   3.050000E+00   2.700000E+00   2.940557E-01
          233   3.700000E+00   3.350000E+00   1.474252E-01
          234   2.700000E+00   2.950000E+00   2.971571E-01
          235   2.950000E+00   3.700000E+00   1.474390E-01
          236   2.700000E+00   3.450000E+00   2.118215E-01
          237   3.450000E+00   3.700000E+00   1.474252E-01
          238   3.700000E+00   2.950000E+00   1.474252E-01
          239   3.250000E+00   2.700000E+00   2.014329E-01
          240   2.700000E+00   3.150000E+00   3.083641E-01
          241   3.150000E+00   3.700000E+00   1.474285E-01
          242   2.780000E+00   3.730000E+00   1.474252E-01
          243   2.670000E+00   2.780000E+00   1.891042E-01
          244   3.730000E+00   2.780000E+00   1.474252E-01
          245   3.620000E+00   2.670000E+00   1.474252E-01
          246   3.620000E+00   3.730000E+00   1.474252E-01
          247   2.670000E+00   3.620000E+00   1.474255E-01
          248   2.770000E+00   2.670000E+00   1.871184E-01
          249   3.730000E+00   3.630000E+00   1.474252E-01
          250   2.680000E+00   3.720000E+00   1.474252E-01
          251   3.720000E+00   3.730000E+00   1.474252E-01
          252   2.670000E+00   2.680000E+00   1.478333E-01
          253   3.720000E+00   2.680000E+00   1.474252E-01
          254   3.170000E+00   5.310000E+00   1.474252E-01
          255   1.090000E+00   3.170000E+00   1.474252E-01
          256   5.310000E+00   3.230000E+00   1.474252E-01
          257   3.230000E+00   1.090000E+00   1.474252E-01
          258   2.580000E+00   4.550000E+00   1.474252E-01
          259   3.350000E+00   4.510000E+00   1.474252E-01
          260   1.850000E+00   2.580000E+00   1.474252E-01
          261   1.890000E+00   3.350000E+00   1.474252E-01
          262   1.740000E+00   4.170000E+00   1.474252E-01
          263   4.550000E+00   3.820000E+00   1.474252E-01
          264   4.510000E+00   3.050000E+00   1.474252E-01
          265   4.170000E+00   4.660000E+00   1.474252E-01
          266   3.820000E+00   1.850000E+00   1.474252E-01
          267   3.050000E+00   1.890000E+00   1.474252E-01
          268   2.230000E+00   1.740000E+00   1.474252E-01
          269   4.660000E+00   2.230000E+00   1.474252E-01
          270   3.440000E+00   2.180000E+00   1.474252E-01
          271   4.220000E+00   3.440000E+00   1.474252E-01
          272   2.180000E+00   2.960000E+00   1.474252E-01
          273   2.960000E+00   4.220000E+00   1.474252E-01
          274   2.150000E+00   3.730000E+00   1.474252E-01
          275   3.730000E+00   4.250000E+00   1.474252E-01
          276   4.250000E+00   2.670000E+00   1.474252E-01
          277   2.670000E+00   2.150000E+00   1.474252E-01
          278   3.210000E+00   4.140000E+00   1.474252E-01
          279   2.250000E+00   3.210000E+00   1.474252E-01
          280   4.150000E+00   3.720000E+00   1.474252E-01
          281   2.680000E+00   4.150000E+00   1.474252E-01
          282   3.720000E+00   2.250000E+00   1.474252E-01
          283   4.140000E+00   3.190000E+00   1.474252E-01
          284   2.250000E+00   2.680000E+00   1.474252E-01
          285   3.190000E+00   2.260000E+00   1.474252E-01
          286   4.010000E+00   3.560000E+00   1.474252E-01
          287   4.010000E+00   3.340000E+00   1.474252E-01
          288   3.560000E+00   2.390000E+00   1.474252E-01
          289   3.340000E+00   2.390000E+00   1.474252E-01
          290   2.840000E+00   4.010000E+00   1.474252E-01
          291   3.060000E+00   4.010000E+00   1.474252E-01
          292   2.400000E+00   3.060000E+00   1.474252E-01
          293   2.390000E+00   2.840000E+00   1.474252E-01
          294   3.450000E+00   4.040000E+00   1.474252E-01
          295   3.650000E+00   4.000000E+00   1.474252E-01
          296   4.040000E+00   2.950000E+00   1.474252E-01
          297   4.000000E+00   2.750000E+00   1.474252E-01
          298   2.360000E+00   3.450000E+00   1.474252E-01
          299   2.400000E+00   3.650000E+00   1.474252E-01
          300   2.950000E+00   2.360000E+00   1.474252E-01
          301   2.750000E+00   2.400000E+00   1.474252E-01
          302   2.420000E+00   3.970000E+00   1.474252E-01
          303   3.970000E+00   3.980000E+00   1.474252E-01
          304   2.430000E+00   2.420000E+00   1.474252E-01
          305   3.980000E+00   2.430000E+00   1.474252E-01
          306   3.250000E+00   3.960000E+00   1.474252E-01
          307   2.440000E+00   3.250000E+00   1.474267E-01
          308   2.650000E+00   3.960000E+00   1.474252E-01
          309   3.960000E+00   3.150000E+00   1.474252E-01
          310   3.150000E+00   2.440000E+00   1.474254E-01
          311   3.960000E+00   3.750000E+00   1.474252E-01
          312   2.440000E+00   2.650000E+00   1.474252E-01
          313   3.750000E+00   2.440000E+00   1.474252E-01
          314   2.950000E+00   3.900000E+00   1.474252E-01
          315   2.500000E+00   2.950000E+00   1.474360E-01
          316   3.900000E+00   3.450000E+00   1.474252E-01
          317   3.450000E+00   2.500000E+00   1.474252E-01
          318   2.760000E+00   3.900000E+00   1.474252E-01
          319   3.140000E+00   3.900000E+00   1.474252E-01
          320   2.500000E+00   3.140000E+00   1.474535E-01
          321   3.900000E+00   3.640000E+00   1.474252E-01
          322   3.900000E+00   3.260000E+00   1.474252E-01
          323   3.260000E+00   2.500000E+00   1.474262E-01
          324   2.500000E+00   2.760000E+00   1.474256E-01
          325   3.360000E+00   3.900000E+00   1.474252E-01
          326   2.500000E+00   3.360000E+00   1.474318E-01
          327   3.900000E+00   3.040000E+00   1.474252E-01
          328   3.040000E+00   2.500000E+00   1.474324E-01
          329   3.640000E+00   2.500000E+00   1.474252E-01
          330   5.270000E+00   4.690000E+00   1.474252E-01
          331   4.690000E+00   1.130000E+00   1.474252E-01
          332   1.710000E+00   5.270000E+00   1.474252E-01
          333   1.130000E+00   1.710000E+00   1.474252E-01
          334   3.890000E+00   3.550000E+00   1.474252E-01
          335   3.550000E+00   2.510000E+00   1.474252E-01
          336   3.050000E+00   3.890000E+00   1.474252E-01
          337   2.510000E+00   3.050000E+00   1.474592E-01
          338   3.890000E+00   3.350000E+00   1.474252E-01
          339   3.350000E+00   2.510000E+00   1.474252E-01
          340   2.850000E+00   3.890000E+00   1.474252E-01
          341   2.510000E+00   2.850000E+00   1.474313E-01
          342   3.450000E+00   3.890000E+00   1.474252E-01
          343   3.550000E+00   3.900000E+00   1.474252E-01
          344   3.650000E+00   3.880000E+00   1.474252E-01
          345   2.510000E+00   3.450000E+00   1.474262E-01
          346   2.500000E+00   3.550000E+00   1.474252E-01
          347   2.520000E+00   3.650000E+00   1.474252E-01
          348   3.890000E+00   2.950000E+00   1.474252E-01
          349   3.900000E+00   2.850000E+00   1.474252E-01
