       1            25          30   NZONE  NSTR  N1
       357      700                       NNOD  NTRI
       0             0          4.0   IVERT ISP BASE (m) 
       0.025 0.025 0.025 0.025 0.025 0.025 0.025 0.025 0.025 0.025
       0.025 0.025 0.025 0.025 0.025 0.025 0.05 0.05 0.05 0.05 0.05 0.05 0.05 0.125
       0.125 ZRATIO
       0    Z(1) m
20 129 97 1
21 127 96 1
15 94 130 1
94 128 126 1
97 126 127 1
97 129 126 1
98 126 129 1
96 127 126 1
96 126 128 1
94 126 130 1
15 130 98 1
98 130 126 1
16 96 128 1
20 98 129 1
21 97 127 1
16 128 94 1
131 132 135 1
135 132 95 1
16 134 93 1
15 132 94 1
93 131 133 1
93 134 131 1
91 133 131 1
94 132 131 1
94 131 134 1
11 135 95 1
11 91 135 1
91 131 135 1
12 133 91 1
16 94 134 1
15 95 132 1
12 93 133 1
12 138 90 1
11 137 91 1
88 139 136 1
90 138 136 1
90 136 139 1
6 88 140 1
6 140 92 1
92 136 137 1
91 137 136 1
91 136 138 1
88 136 140 1
92 140 136 1
7 139 88 1
7 90 139 1
11 92 137 1
12 91 138 1
1 142 89 1
2 145 86 1
6 143 88 1
7 144 87 1
88 143 141 1
88 141 144 1
89 142 141 1
89 141 143 1
87 144 141 1
87 141 145 1
86 141 142 1
86 145 141 1
1 86 142 1
2 87 145 1
6 89 143 1
7 88 144 1
147 146 106 1
146 149 106 1
106 3 147 1
148 7 87 1
147 107 146 1
150 8 104 1
146 104 148 1
107 8 150 1
148 87 146 1
146 87 149 1
146 107 150 1
150 104 146 1
87 2 149 1
149 2 106 1
147 3 107 1
104 7 148 1
90 151 153 1
154 151 90 1
8 152 104 1
12 90 153 1
104 152 151 1
104 151 154 1
25 102 155 1
25 155 105 1
102 153 151 1
105 151 152 1
102 151 155 1
105 155 151 1
7 154 90 1
7 104 154 1
8 105 152 1
12 153 102 1
16 93 159 1
25 157 102 1
17 160 103 1
93 158 156 1
93 156 159 1
103 156 157 1
99 159 156 1
102 157 156 1
102 156 158 1
17 99 160 1
103 160 156 1
99 156 160 1
12 102 158 1
16 159 99 1
12 158 93 1
25 103 157 1
99 161 163 1
99 164 161 1
99 17 164 1
100 22 162 1
101 21 165 1
162 101 161 1
161 100 162 1
164 100 161 1
161 96 163 1
165 21 96 1
161 101 165 1
165 96 161 1
96 16 163 1
164 17 100 1
162 22 101 1
163 16 99 1
166 114 168 1
166 167 116 1
169 114 166 1
115 167 166 1
168 115 166 1
170 166 116 1
17 114 169 1
23 167 115 1
22 170 116 1
22 100 170 1
100 169 166 1
100 166 170 1
18 115 168 1
17 169 100 1
18 168 114 1
23 116 167 1
112 171 172 1
173 171 112 1
18 174 113 1
25 112 172 1
17 103 175 1
113 171 173 1
113 174 171 1
103 172 171 1
114 171 174 1
17 175 114 1
103 171 175 1
114 175 171 1
13 173 112 1
18 114 174 1
13 113 173 1
25 172 103 1
8 110 179 1
13 178 111 1
111 176 177 1
111 178 176 1
25 180 112 1
25 105 180 1
105 179 176 1
110 177 176 1
110 176 179 1
105 176 180 1
176 178 180 1
112 180 178 1
9 177 110 1
13 112 178 1
9 111 177 1
8 179 105 1
185 184 110 1
181 184 185 1
4 183 108 1
9 184 109 1
108 181 182 1
108 183 181 1
107 182 181 1
109 184 181 1
109 181 183 1
8 185 110 1
8 107 185 1
107 181 185 1
3 182 107 1
4 109 183 1
9 110 184 1
3 108 182 1
118 186 187 1
118 189 186 1
117 186 189 1
117 190 186 1
188 18 119 1
187 19 118 1
190 23 115 1
189 24 117 1
187 186 188 1
188 119 187 1
190 115 188 1
188 186 190 1
115 18 188 1
119 19 187 1
117 23 190 1
118 24 189 1
191 113 192 1
191 194 120 1
191 120 193 1
191 195 113 1
194 14 120 1
192 13 121 1
195 18 113 1
192 121 191 1
193 119 191 1
191 121 194 1
119 18 195 1
191 119 195 1
193 19 119 1
121 14 194 1
120 19 193 1
113 13 192 1
196 111 197 1
199 122 196 1
196 122 198 1
200 111 196 1
10 122 199 1
9 123 197 1
13 111 200 1
121 196 198 1
123 196 197 1
123 199 196 1
13 200 121 1
121 200 196 1
14 121 198 1
10 199 123 1
9 197 111 1
14 198 122 1
201 109 202 1
205 109 201 1
5 124 204 1
4 125 202 1
9 109 205 1
124 203 201 1
124 201 204 1
123 201 203 1
125 201 202 1
9 205 123 1
125 204 201 1
123 205 201 1
10 123 203 1
5 204 125 1
10 203 124 1
4 202 109 1
69 70 241 1
80 81 240 1
15 98 236 1
10 124 238 1
23 117 237 1
47 48 239 1
59 60 233 1
71 72 235 1
82 83 234 1
2 232 106 1
57 58 230 1
4 231 125 1
1 208 248 1
24 249 206 1
1 248 228 1
24 229 249 1
20 207 247 1
24 206 246 1
5 209 244 1
20 242 207 1
1 243 208 1
5 245 209 1
69 241 227 1
80 240 226 1
23 237 222 1
15 236 221 1
10 238 214 1
124 211 238 1
98 212 236 1
47 239 215 1
117 213 237 1
59 233 219 1
57 230 214 1
2 210 232 1
60 220 233 1
58 219 230 1
106 232 215 1
48 218 239 1
71 235 225 1
82 234 224 1
125 231 223 1
72 217 235 1
83 216 234 1
4 218 231 1
70 225 241 1
81 224 240 1
68 227 222 1
79 226 221 1
116 222 227 1
95 221 226 1
44 210 228 1
86 228 210 1
61 229 220 1
118 220 229 1
20 247 212 1
24 246 213 1
5 244 211 1
1 216 243 1
20 217 242 1
5 223 245 1
79 80 226 1
68 69 227 1
43 44 228 1
1 228 86 1
61 62 229 1
22 116 227 1
11 95 226 1
24 118 229 1
10 214 122 1
24 213 117 1
23 222 116 1
15 221 95 1
2 86 210 1
46 47 215 1
4 108 218 1
58 59 219 1
5 211 124 1
20 212 98 1
1 89 216 1
3 106 215 1
20 97 217 1
44 45 210 1
54 55 211 1
60 61 220 1
76 77 212 1
65 66 213 1
14 219 120 1
83 84 216 1
72 73 217 1
56 57 214 1
81 82 224 1
70 71 225 1
19 220 118 1
50 51 223 1
21 101 225 1
6 92 224 1
78 79 221 1
67 68 222 1
48 49 218 1
5 125 223 1
122 214 230 1
46 215 232 1
45 232 210 1
14 230 219 1
50 223 231 1
49 231 218 1
55 238 211 1
89 234 216 1
97 235 217 1
108 239 218 1
19 233 220 1
120 219 233 1
56 214 238 1
77 236 212 1
66 237 213 1
78 221 236 1
3 215 239 1
67 222 237 1
21 225 235 1
6 224 234 1
92 240 224 1
101 241 225 1
11 226 240 1
22 227 241 1
75 247 250 1
53 244 253 1
74 250 242 1
64 246 251 1
85 252 243 1
52 253 245 1
208 243 252 1
207 242 250 1
209 253 244 1
209 245 253 1
207 250 247 1
206 251 246 1
14 122 230 1
45 46 232 1
49 50 231 1
19 120 233 1
6 234 89 1
21 235 97 1
3 239 108 1
77 78 236 1
66 67 237 1
55 56 238 1
11 240 92 1
22 241 101 1
42 248 252 1
63 251 249 1
76 212 247 1
65 213 246 1
54 211 244 1
73 242 217 1
84 243 216 1
51 245 223 1
53 54 244 1
75 76 247 1
64 65 246 1
51 52 245 1
73 74 242 1
84 85 243 1
208 252 248 1
206 249 251 1
43 228 248 1
62 249 229 1
42 43 248 1
62 63 249 1
29 250 74 1
29 75 250 1
28 64 251 1
26 252 85 1
28 251 63 1
26 42 252 1
27 53 253 1
27 253 52 1
280 263 303 1
281 258 302 1
282 266 305 1
284 260 304 1
268 267 277 1
269 264 276 1
262 261 274 1
265 259 275 1
332 40 262 1
330 38 265 1
333 34 268 1
331 36 269 1
332 33 40 1
330 32 38 1
333 30 34 1
331 31 36 1
69 68 306 1
80 79 307 1
308 29 74 1
58 57 309 1
47 46 310 1
311 28 63 1
312 26 85 1
313 27 52 1
265 254 259 1
262 255 261 1
269 256 264 1
268 257 267 1
265 38 254 1
262 40 255 1
269 36 256 1
268 34 257 1
357 29 302 1
356 28 303 1
355 26 304 1
354 27 305 1
294 259 278 1
298 261 279 1
296 264 283 1
300 267 285 1
258 254 332 1
260 255 333 1
263 256 330 1
266 257 331 1
302 29 308 1
303 28 311 1
304 26 312 1
305 27 313 1
254 38 39 1
255 40 41 1
257 34 35 1
256 36 37 1
305 266 269 1
304 260 268 1
303 263 265 1
302 258 262 1
259 258 273 1
261 260 272 1
264 263 271 1
267 266 270 1
37 32 330 1
39 33 332 1
35 31 331 1
41 30 333 1
304 301 355 1
305 297 354 1
302 299 357 1
303 295 356 1
72 71 314 1
83 82 315 1
61 60 316 1
50 49 317 1
276 264 296 1
277 267 300 1
275 259 294 1
274 261 298 1
297 276 296 1
301 277 300 1
295 275 294 1
299 274 298 1
271 263 280 1
270 266 282 1
273 258 281 1
272 260 284 1
264 256 263 1
267 257 266 1
259 254 258 1
261 255 260 1
265 263 330 1
269 266 331 1
262 258 332 1
268 260 333 1
70 69 319 1
59 58 322 1
81 80 320 1
48 47 323 1
63 62 321 1
52 51 329 1
74 73 318 1
85 84 324 1
319 69 306 1
320 80 307 1
322 58 309 1
323 47 310 1
308 74 318 1
312 85 324 1
311 63 321 1
313 52 329 1
79 78 326 1
68 67 325 1
57 56 327 1
46 45 328 1
306 68 325 1
307 79 326 1
309 57 327 1
310 46 328 1
309 287 322 1
310 289 323 1
324 293 312 1
306 291 319 1
278 259 273 1
279 261 272 1
283 264 271 1
285 267 270 1
254 39 332 1
255 41 333 1
256 37 330 1
257 35 331 1
283 271 287 1
278 273 291 1
285 270 289 1
293 272 284 1
62 61 334 1
51 50 335 1
71 70 336 1
73 72 340 1
82 81 337 1
60 59 338 1
84 83 341 1
49 48 339 1
321 286 311 1
329 288 313 1
318 290 308 1
307 292 320 1
78 77 345 1
67 66 342 1
45 44 351 1
56 55 348 1
279 272 292 1
286 271 280 1
290 273 281 1
288 270 282 1
77 76 346 1
66 65 343 1
55 54 349 1
44 43 352 1
327 296 309 1
328 300 310 1
325 294 306 1
326 298 307 1
291 273 290 1
292 272 293 1
287 271 286 1
289 270 288 1
43 42 353 1
54 53 350 1
76 75 347 1
65 64 344 1
308 281 302 1
311 280 303 1
312 284 304 1
313 282 305 1
64 28 356 1
75 29 357 1
42 26 355 1
53 27 354 1
309 283 287 1
310 285 289 1
306 278 291 1
293 284 312 1
304 268 277 1
305 269 276 1
302 262 274 1
303 265 275 1
340 72 314 1
314 71 336 1
341 83 315 1
315 82 337 1
316 60 338 1
317 49 339 1
334 61 316 1
335 50 317 1
291 290 314 1
315 292 293 1
287 286 316 1
289 288 317 1
286 280 311 1
307 279 292 1
288 282 313 1
290 281 308 1
304 277 301 1
302 274 299 1
305 276 297 1
303 275 295 1
321 62 334 1
318 73 340 1
329 51 335 1
336 70 319 1
338 59 322 1
339 48 323 1
337 81 320 1
324 84 341 1
296 283 309 1
300 285 310 1
294 278 306 1
298 279 307 1
297 296 349 1
301 300 352 1
295 294 343 1
299 298 346 1
325 67 342 1
326 78 345 1
327 56 348 1
328 45 351 1
343 294 342 1
346 298 345 1
349 296 348 1
352 300 351 1
345 77 346 1
342 66 343 1
348 55 349 1
351 44 352 1
334 286 321 1
320 292 337 1
335 288 329 1
340 290 318 1
346 76 347 1
343 65 344 1
352 43 353 1
349 54 350 1
344 64 356 1
347 75 357 1
350 53 354 1
353 42 355 1
342 294 325 1
345 298 326 1
348 296 327 1
351 300 328 1
316 286 334 1
317 288 335 1
314 290 340 1
337 292 315 1
319 291 336 1
322 287 338 1
323 289 339 1
341 293 324 1
353 301 352 1
350 297 349 1
344 295 343 1
347 299 346 1
356 295 344 1
357 299 347 1
354 297 350 1
355 301 353 1
336 291 314 1
315 293 341 1
338 287 316 1
339 289 317 1
2.80 2.80
3.00 2.80
3.20 2.80
3.40 2.80
3.60 2.80
2.80 3.00
3.00 3.00
3.20 3.00
3.40 3.00
3.60 3.00
2.80 3.20
3.00 3.20
3.40 3.20
3.60 3.20
2.80 3.40
3.00 3.40
3.20 3.40
3.40 3.40
3.60 3.40
2.80 3.60
3.00 3.60
3.20 3.60
3.40 3.60
3.60 3.60
3.20 3.20
2.60 2.60
3.80 2.60
3.80 3.80
2.60 3.80
0.00 0.00
6.40 0.00
6.40 6.40
0.00 6.40
2.13 0.00
4.27 0.00
6.40 2.13
6.40 4.27
4.27 6.40
2.13 6.40
0.00 4.27
0.00 2.13
2.70 2.60
2.80 2.60
2.90 2.60
3.00 2.60
3.10 2.60
3.20 2.60
3.30 2.60
3.40 2.60
3.50 2.60
3.60 2.60
3.70 2.60
3.80 2.70
3.80 2.80
3.80 2.90
3.80 3.00
3.80 3.10
3.80 3.20
3.80 3.30
3.80 3.40
3.80 3.50
3.80 3.60
3.80 3.70
3.70 3.80
3.60 3.80
3.50 3.80
3.40 3.80
3.30 3.80
3.20 3.80
3.10 3.80
3.00 3.80
2.90 3.80
2.80 3.80
2.70 3.80
2.60 3.70
2.60 3.60
2.60 3.50
2.60 3.40
2.60 3.30
2.60 3.20
2.60 3.10
2.60 3.00
2.60 2.90
2.60 2.80
2.60 2.70
2.90 2.80
3.00 2.90
2.90 3.00
2.80 2.90
3.00 3.10
2.90 3.20
2.80 3.10
3.00 3.30
2.90 3.40
2.80 3.30
3.00 3.50
2.90 3.60
2.80 3.50
3.10 3.40
3.20 3.50
3.10 3.60
3.10 3.20
3.20 3.30
3.10 3.00
3.20 3.10
3.10 2.80
3.20 2.90
3.30 2.80
3.40 2.90
3.30 3.00
3.40 3.10
3.30 3.20
3.40 3.30
3.30 3.40
3.40 3.50
3.30 3.60
3.50 3.60
3.60 3.50
3.50 3.40
3.60 3.30
3.50 3.20
3.60 3.10
3.50 3.00
3.60 2.90
3.50 2.80
2.90 3.50
2.95 3.55
2.95 3.45
2.85 3.55
2.85 3.45
2.90 3.30
2.85 3.35
2.95 3.25
2.95 3.35
2.85 3.25
2.90 3.10
2.85 3.15
2.95 3.15
2.95 3.05
2.85 3.05
2.90 2.90
2.85 2.85
2.85 2.95
2.95 2.95
2.95 2.85
3.10 2.90
3.15 2.85
3.05 2.95
3.05 2.85
3.15 2.95
3.10 3.10
3.15 3.05
3.05 3.15
3.05 3.05
3.15 3.15
3.10 3.30
3.15 3.25
3.05 3.25
3.05 3.35
3.15 3.35
3.10 3.50
3.15 3.55
3.05 3.45
3.15 3.45
3.05 3.55
3.30 3.50
3.35 3.55
3.35 3.45
3.25 3.45
3.25 3.55
3.30 3.30
3.25 3.25
3.35 3.25
3.35 3.35
3.25 3.35
3.30 3.10
3.35 3.05
3.35 3.15
3.25 3.05
3.25 3.15
3.30 2.90
3.25 2.85
3.35 2.85
3.35 2.95
3.25 2.95
3.50 3.50
3.55 3.45
3.45 3.45
3.55 3.55
3.45 3.55
3.50 3.30
3.45 3.25
3.55 3.35
3.55 3.25
3.45 3.35
3.50 3.10
3.45 3.05
3.55 3.15
3.55 3.05
3.45 3.15
3.50 2.90
3.45 2.85
3.55 2.95
3.55 2.85
3.45 2.95
3.67 3.67
2.73 3.67
2.73 2.73
3.67 2.73
2.95 2.70
3.71 2.85
2.69 3.55
3.55 3.71
3.70 3.05
3.15 2.70
2.70 2.85
2.85 3.70
3.35 2.70
3.70 3.25
3.70 3.45
2.70 3.35
3.35 3.70
3.55 2.69
2.70 3.05
3.05 3.70
2.70 3.25
3.25 3.70
2.85 2.69
3.70 3.55
3.70 3.15
3.45 2.70
3.05 2.70
3.70 3.35
2.70 2.95
2.95 3.70
2.70 3.45
3.45 3.70
3.70 2.95
3.25 2.70
2.70 3.15
3.15 3.70
2.78 3.73
2.67 2.78
3.73 2.78
3.62 2.67
3.62 3.73
2.67 3.62
2.77 2.67
3.73 3.63
2.68 3.72
3.72 3.73
2.67 2.68
3.72 2.68
3.17 5.31
1.09 3.17
5.31 3.23
3.23 1.09
2.58 4.55
3.35 4.51
1.85 2.58
1.89 3.35
1.74 4.17
4.55 3.82
4.51 3.05
4.17 4.66
3.82 1.85
3.05 1.89
2.23 1.74
4.66 2.23
3.44 2.18
4.22 3.44
2.18 2.96
2.96 4.22
2.15 3.73
3.73 4.25
4.25 2.67
2.67 2.15
3.21 4.14
2.25 3.21
4.15 3.72
2.68 4.15
3.72 2.25
4.14 3.19
2.25 2.68
3.19 2.26
4.01 3.56
4.01 3.34
3.56 2.39
3.34 2.39
2.84 4.01
3.06 4.01
2.40 3.06
2.39 2.84
3.45 4.04
3.65 4.00
4.04 2.95
4.00 2.75
2.36 3.45
2.40 3.65
2.95 2.36
2.75 2.40
2.42 3.97
3.97 3.98
2.43 2.42
3.98 2.43
3.25 3.96
2.44 3.25
2.65 3.96
3.96 3.15
3.15 2.44
3.96 3.75
2.44 2.65
3.75 2.44
2.95 3.90
2.50 2.95
3.90 3.45
3.45 2.50
2.76 3.90
3.14 3.90
2.50 3.14
3.90 3.64
3.90 3.26
3.26 2.50
2.50 2.76
3.36 3.90
2.50 3.36
3.90 3.04
3.04 2.50
3.64 2.50
5.27 4.69
4.69 1.13
1.71 5.27
1.13 1.71
3.89 3.55
3.55 2.51
3.05 3.89
2.51 3.05
3.89 3.35
3.35 2.51
2.85 3.89
2.51 2.85
3.45 3.89
3.55 3.90
3.65 3.88
2.51 3.45
2.50 3.55
2.52 3.65
3.89 2.95
3.90 2.85
3.88 2.75
2.95 2.51
2.85 2.50
2.75 2.52
3.89 2.65
2.65 2.51
3.75 3.89
2.51 3.75
