   120.00000000000000        0.0000000000000000        0.0000000000000000        0.0000000000000000        0.0000000000000000        0.0000000000000000        0.0000000000000000        0.0000000000000000        0.0000000000000000        0.0000000000000000        0.0000000000000000     
   264.00000000000000       1.72497409813983562E-010  1.72497409812395298E-010   0.0000000000000000        0.0000000000000000       -19.021267832938634       -2.0211623391423048        0.0000000000000000       1.51777135332807264E-005   0.0000000000000000        663.93406278599139     
   436.79999999999995       1.67395037465390873E-010  1.67395037467569770E-010   0.0000000000000000        0.0000000000000000       -19.020638862092373       -2.0205364888019859        0.0000000000000000       1.47287656133631383E-005   0.0000000000000000        710.42662550623891     
   644.15999999999997       1.65790949109590757E-010  1.65790949110221224E-010   0.0000000000000000        0.0000000000000000       -19.020441227045097       -2.0203398347813635        0.0000000000000000       1.45876249668403109E-005   0.0000000000000000        726.04418842639166     
   892.99199999999996       1.65015773818456699E-010  1.65015773815209989E-010   0.0000000000000000        0.0000000000000000       -19.020345817865199       -2.0202448996822060        0.0000000000000000       1.45194187847306089E-005   0.0000000000000000        733.77457152248815     
   1191.5904000000000       1.64564929550245836E-010  1.64564929551659695E-010   0.0000000000000000        0.0000000000000000       -19.020290428684731       -2.0201897862284635        0.0000000000000000       1.44797498657940125E-005   0.0000000000000000        738.32688605421856     
   1549.9084800000001       1.64274099718473092E-010  1.64274099716900130E-010   0.0000000000000000        0.0000000000000000       -19.020254806984646       -2.0201543423936679        0.0000000000000000       1.44541603085802066E-005   0.0000000000000000        741.28575544011926     
   1979.8901759999999       1.64073773043226554E-010  1.64073773043506762E-010   0.0000000000000000        0.0000000000000000       -19.020230390336476       -2.0201300482609774        0.0000000000000000       1.44365339504044179E-005   0.0000000000000000        743.33410067966304     
   2495.8682111999997       1.56365439326685712E-010  1.56365439323262192E-010   0.0000000000000000        0.0000000000000000       -19.019280340079067       -2.0191847122511017        0.0000000000000000       1.49262106852024850E-005   0.0000000000000000        744.81476363396791     
   3115.0418534399996       1.56262968023324754E-010  1.56262968025138348E-010   0.0000000000000000        0.0000000000000000       -19.019268092783534       -2.0191725276246713        0.0000000000000000       1.49164290584525284E-005   0.0000000000000000        745.91795227464718     
   3858.0502241279992       1.56184926045160608E-010  1.56184926046033930E-010   0.0000000000000000        0.0000000000000000       -19.019258934327304       -2.0191634168971144        0.0000000000000000       1.49089793869387500E-005   0.0000000000000000        746.75976740835222     
   4749.6602689535994       1.55024385375359921E-010  1.55024385376212563E-010   0.0000000000000000        0.0000000000000000       -19.019116402835650       -2.0190215951658206        0.0000000000000000       1.49651789260620700E-005   0.0000000000000000        747.41351562819261     
   5819.5923227443191       1.54977155951901261E-010  1.54977155953256725E-010   0.0000000000000000        0.0000000000000000       -19.019111241357532       -2.0190164625720852        0.0000000000000000       1.49606196641173028E-005   0.0000000000000000        747.92805223295295     
   7019.5923227443191       1.37938742110547159E-010  1.37938742107235231E-010   0.0000000000000000        0.0000000000000000       -19.017011306341910       -2.0169269478423839        0.0000000000000000       1.61900361757452395E-005   0.0000000000000000        748.33747229199196     
   8219.5923227443200       1.37913454926132464E-010  1.37913454924197947E-010   0.0000000000000000        0.0000000000000000       -19.017009034767717       -2.0169246917331285        0.0000000000000000       1.61870681884231487E-005   0.0000000000000000        748.64656495908400     
   9419.5923227443200       1.07543118580205227E-010  1.07543118577424931E-010   0.0000000000000000        0.0000000000000000       -19.013265513500979       -2.0131997441335781        0.0000000000000000       1.94746946589628020E-005   0.0000000000000000        748.86543455963124     
   10619.592322744320       1.18228276770342837E-010  1.18228276773447091E-010   0.0000000000000000        0.0000000000000000       -19.014583663682600       -2.0145113595796555        0.0000000000000000       1.82504735742430155E-005   0.0000000000000000        749.02634062257096     
   11819.592322744320       1.18219409348265651E-010  1.18219409346209332E-010   0.0000000000000000        0.0000000000000000       -19.014583381785744       -2.0145110831058135        0.0000000000000000       1.82491047412498947E-005   0.0000000000000000        749.15158270630513     
   13019.592322744320       1.10121412819166115E-010  1.10121412816427088E-010   0.0000000000000000        0.0000000000000000       -19.013585761194509       -2.0135184150178400        0.0000000000000000       1.94373506768759352E-005   0.0000000000000000        749.25139953779410     
   14219.592322744320       1.02393881224011695E-010  1.02393881223603081E-010   0.0000000000000000        0.0000000000000000       -19.012633760282171       -2.0125711400342330        0.0000000000000000       2.07261895901232209E-005   0.0000000000000000        749.33239317391167     
   15419.592322744320       1.02389721626145230E-010  1.02389721626948370E-010   0.0000000000000000        0.0000000000000000       -19.012633948300163       -2.0125713305960669        0.0000000000000000       2.07253476197554488E-005   0.0000000000000000        749.39934609576005     
   16619.592322744320       9.75338397086548438E-011  9.75338397113468514E-011   0.0000000000000000        0.0000000000000000       -19.012035949400524       -2.0119763014051433        0.0000000000000000       2.16149341015511680E-005   0.0000000000000000        749.45587986725286     
   17819.592322744320       9.68355188547799293E-011  9.68355188529331710E-011   0.0000000000000000        0.0000000000000000       -19.011950517455343       -2.0118912965313109        0.0000000000000000       2.17298791271664855E-005   0.0000000000000000        749.50405050572385     
   19019.592322744320       9.68330618421649566E-011  9.68330618428581727E-011   0.0000000000000000        0.0000000000000000       -19.011950875910774       -2.0118916564893357        0.0000000000000000       2.17293277747257724E-005   0.0000000000000000        749.54570759079058     
   20219.592322744320       9.59572047471564966E-011  9.59572047464519455E-011   0.0000000000000000        0.0000000000000000       -19.011843549309475       -2.0117848655349460        0.0000000000000000       2.17808877736981539E-005   0.0000000000000000        749.58210896367109     
   21419.592322744320       9.57514608140782478E-011  9.57514608112431121E-011   0.0000000000000000        0.0000000000000000       -19.011818836993157       -2.0117602790451645        0.0000000000000000       2.18072577839155751E-005   0.0000000000000000        749.61416058392956     
   22619.592322744320       9.57498029422614894E-011  9.57498029404356045E-011   0.0000000000000000        0.0000000000000000       -19.011819285411153       -2.0117607284770260        0.0000000000000000       2.18068802054082966E-005   0.0000000000000000        749.64261491940260     
   23819.592322744320       2.70389492614873826E-010  2.70389492613017943E-010   0.0000000000000000        0.0000000000000000       -19.033351902757040       -2.0331865394508712        0.0000000000000000       6.23253014738720272E-005   0.0000000000000000        749.66805062565891     
   25019.592322744320       1.15225146271233788E-008  1.15225146271227468E-008   0.0000000000000000        0.0000000000000000       -20.420678917566683       -3.4136223924987492        0.0000000000000000       2.46084718023178431E-003   0.0000000000000000        749.69596102668288     
