      0  0.00000000E+00     NSTEP   TIME
   0.000000E+00   0.000000E+00  -4.269046E-24
   0.000000E+00   0.000000E+00  -4.269046E-24
   0.000000E+00   0.000000E+00  -4.269046E-24
   0.000000E+00   0.000000E+00  -4.269046E-24
   0.000000E+00   0.000000E+00  -4.289375E-24
   0.000000E+00   0.000000E+00  -4.299539E-24
   0.000000E+00   0.000000E+00  -4.269046E-24
   0.000000E+00   0.000000E+00  -4.299539E-24
   0.000000E+00   0.000000E+00  -4.309704E-24
   0.000000E+00   0.000000E+00  -1.829591E-24
   0.000000E+00   0.000000E+00  -9.961107E-25
   0.000000E+00   0.000000E+00   6.708501E-25
   0.000000E+00   0.000000E+00  -9.961107E-25
   0.000000E+00   0.000000E+00   6.810145E-25
   0.000000E+00   0.000000E+00   2.358140E-24
   0.000000E+00   0.000000E+00   6.708501E-25
   0.000000E+00   0.000000E+00   2.358140E-24
   0.000000E+00   0.000000E+00   3.201785E-24
   0.000000E+00   0.000000E+00   3.994607E-24
   0.000000E+00   0.000000E+00   3.425401E-24
   0.000000E+00   0.000000E+00   2.286989E-24
   0.000000E+00   0.000000E+00   3.425401E-24
   0.000000E+00   0.000000E+00   2.266660E-24
   0.000000E+00   0.000000E+00   1.107919E-24
   0.000000E+00   0.000000E+00   2.286989E-24
   0.000000E+00   0.000000E+00   1.107919E-24
   0.000000E+00   0.000000E+00   5.183842E-25
   0.000000E+00   0.000000E+00  -2.744387E-25
   0.000000E+00   0.000000E+00   5.082198E-26
   0.000000E+00   0.000000E+00   7.013433E-25
   0.000000E+00   0.000000E+00   5.082198E-26
   0.000000E+00   0.000000E+00   7.115077E-25
   0.000000E+00   0.000000E+00   1.372193E-24
   0.000000E+00   0.000000E+00   7.013433E-25
   0.000000E+00   0.000000E+00   1.372193E-24
   0.000000E+00   0.000000E+00   1.707618E-24
   0.000000E+00   0.000000E+00   1.646632E-24
   0.000000E+00   0.000000E+00   1.301043E-24
   0.000000E+00   0.000000E+00   6.098637E-25
   0.000000E+00   0.000000E+00   1.301043E-24
   0.000000E+00   0.000000E+00   6.098637E-25
   0.000000E+00   0.000000E+00  -8.131516E-26
   0.000000E+00   0.000000E+00   6.098637E-25
   0.000000E+00   0.000000E+00  -8.131516E-26
   0.000000E+00   0.000000E+00  -4.269046E-25
   0.000000E+00   0.000000E+00  -2.683400E-24
  -2.479615E-25   0.000000E+00  -3.079812E-24
   0.000000E+00   0.000000E+00  -4.116580E-24
   2.355634E-25   0.000000E+00  -3.405072E-24
  -1.246920E-25   1.177817E-25  -3.903128E-24
   0.000000E+00   2.355634E-25  -5.011047E-24
   7.066901E-25  -6.694959E-25  -5.885185E-24
  -1.422458E-27  -2.251200E-25  -5.051704E-24
   0.000000E+00  -2.931981E-27  -5.458280E-24
  -2.133688E-27   0.000000E+00  -5.092362E-24
  -7.342217E-27   0.000000E+00  -4.370690E-24
   0.000000E+00   0.000000E+00  -2.805373E-24
   4.497300E-27  -1.954654E-27  -4.330032E-24
   1.816699E-27  -6.406337E-26  -2.927346E-24
   0.000000E+00  -1.261721E-25  -1.301043E-24
   1.775927E-26   3.726523E-25  -2.866359E-24
   1.097561E-26   1.098647E-25  -1.484002E-24
   0.000000E+00  -2.152909E-26  -5.488773E-25
   0.000000E+00   0.000000E+00   1.646632E-24
   0.000000E+00   0.000000E+00   2.398797E-24
   0.000000E+00   0.000000E+00   2.866359E-24
   0.000000E+00   0.000000E+00   1.951564E-24
   0.000000E+00   0.000000E+00   2.876524E-24
   0.000000E+00   0.000000E+00   3.394908E-24
   0.000000E+00   0.000000E+00   2.561428E-24
   0.000000E+00   0.000000E+00   3.354250E-24
   0.000000E+00   0.000000E+00   3.659182E-24
   0.000000E+00   0.000000E+00   3.598196E-24
  -3.334962E-25   0.000000E+00   3.354250E-24
   0.000000E+00   0.000000E+00   2.500441E-24
   3.334962E-25   0.000000E+00   2.825702E-24
  -1.605426E-25   1.667481E-25   2.856195E-24
   0.000000E+00   3.334962E-25   1.890578E-24
   1.000489E-24  -1.000489E-24  -4.878910E-25
   1.241097E-26  -3.320361E-25   1.809262E-24
   0.000000E+00   2.190171E-27   1.585646E-24
   5.850303E-25   0.000000E+00  -5.183842E-25
   3.835895E-25   0.000000E+00  -2.846031E-25
   0.000000E+00   0.000000E+00   6.098637E-25
   2.287489E-26   1.460114E-27  -4.878910E-25
   2.000169E-25  -1.657929E-25  -1.524659E-25
   0.000000E+00  -3.330459E-25   8.944668E-25
  -1.101436E-24   1.003518E-24   3.476223E-24
   1.644424E-26   3.359661E-25   7.115077E-25
   0.000000E+00   2.190171E-27   1.036768E-24
   6.049898E-27   0.000000E+00  -2.347975E-24
   0.000000E+00   0.000000E+00  -1.544988E-24
   0.000000E+00   0.000000E+00  -2.439455E-24
  -3.695427E-25   0.000000E+00  -2.907017E-24
   0.000000E+00   2.056386E-25  -3.496552E-24
   0.000000E+00   4.112772E-25  -3.821813E-24
  -1.120728E-24  -1.233832E-24  -2.195509E-24
   0.000000E+00  -4.112772E-25  -5.448116E-24
   0.000000E+00   0.000000E+00  -4.512992E-24
   0.000000E+00   0.000000E+00  -7.196392E-24
   0.000000E+00   0.000000E+00  -4.350361E-24
   0.000000E+00   0.000000E+00  -3.049319E-24
   0.000000E+00   0.000000E+00  -6.220610E-24
   0.000000E+00   0.000000E+00  -2.927346E-24
   0.000000E+00   0.000000E+00  -1.341700E-24
   0.000000E+00   0.000000E+00  -4.269046E-24
   0.000000E+00   0.000000E+00  -1.504331E-24
   0.000000E+00   0.000000E+00  -4.878910E-25
   0.000000E+00   0.000000E+00   2.317482E-24
   0.000000E+00   0.000000E+00   5.407458E-24
   0.000000E+00   0.000000E+00   4.756937E-24
  -1.273565E-24   0.000000E+00   5.326143E-24
  -1.864165E-26   0.000000E+00   7.115077E-24
   0.000000E+00   0.000000E+00   5.814034E-24
  -3.820695E-24   3.820695E-24   2.012550E-23
  -3.728330E-26   1.330165E-24   8.660065E-24
   0.000000E+00   8.490030E-26   6.342583E-24
   9.001416E-25   0.000000E+00   1.183136E-23
   1.215282E-25   0.000000E+00   7.724940E-24
   0.000000E+00   0.000000E+00   3.171291E-24
   5.646972E-25   5.660020E-26   8.619407E-24
   7.406122E-25  -2.903887E-25   3.984443E-24
   0.000000E+00  -6.373777E-25  -1.057097E-24
  -1.061915E-25   2.081934E-24   1.024571E-23
   1.359696E-24  -5.229871E-25  -1.463673E-24
   0.000000E+00  -1.825447E-24  -3.171291E-24
   1.851215E-25   0.000000E+00   4.878910E-25
   0.000000E+00   0.000000E+00  -4.228388E-24
   0.000000E+00   0.000000E+00  -2.927346E-24
  -3.905490E-25   4.530551E-39   1.626303E-24
   0.000000E+00   0.000000E+00   6.630438E-22
   0.000000E+00   0.000000E+00   1.329991E-21
  -1.541890E-24   0.000000E+00   7.806256E-24
   0.000000E+00   0.000000E+00   1.330316E-21
   0.000000E+00   0.000000E+00   1.996450E-21
   0.000000E+00   0.000000E+00   1.998401E-21
   0.000000E+00   0.000000E+00   1.998401E-21
   0.000000E+00   0.000000E+00   1.998401E-21
   0.000000E+00   0.000000E+00   1.998401E-21
   0.000000E+00   0.000000E+00   1.998401E-21
   0.000000E+00   0.000000E+00   1.998401E-21
   0.000000E+00   0.000000E+00   1.998401E-21
   0.000000E+00   0.000000E+00   1.998401E-21
   0.000000E+00   0.000000E+00   1.998401E-21
   0.000000E+00   0.000000E+00   0.000000E+00
   0.000000E+00   0.000000E+00   0.000000E+00
   0.000000E+00   0.000000E+00   0.000000E+00
   0.000000E+00   0.000000E+00   0.000000E+00
   0.000000E+00   0.000000E+00   0.000000E+00
   0.000000E+00   0.000000E+00   0.000000E+00
   0.000000E+00   0.000000E+00   0.000000E+00
   0.000000E+00   0.000000E+00   0.000000E+00
   0.000000E+00   0.000000E+00   0.000000E+00
   0.000000E+00   0.000000E+00   0.000000E+00
   0.000000E+00   0.000000E+00   0.000000E+00
   0.000000E+00   0.000000E+00   0.000000E+00
   0.000000E+00   0.000000E+00   0.000000E+00
   0.000000E+00   0.000000E+00   0.000000E+00
   0.000000E+00   0.000000E+00   0.000000E+00
   0.000000E+00   0.000000E+00   0.000000E+00
   0.000000E+00   0.000000E+00   0.000000E+00
   0.000000E+00   0.000000E+00   0.000000E+00
   0.000000E+00   0.000000E+00  -3.996803E-21
   0.000000E+00   0.000000E+00  -5.329071E-21
   0.000000E+00   0.000000E+00  -7.993606E-21
   0.000000E+00   0.000000E+00  -5.329071E-21
   0.000000E+00   0.000000E+00  -7.993606E-21
   0.000000E+00   0.000000E+00  -1.065814E-20
   0.000000E+00   0.000000E+00  -7.993606E-21
   0.000000E+00   0.000000E+00  -1.065814E-20
   0.000000E+00   0.000000E+00  -1.199041E-20
   0.000000E+00   0.000000E+00  -1.598721E-20
   0.000000E+00   0.000000E+00  -1.598721E-20
   0.000000E+00   0.000000E+00  -1.598721E-20
   0.000000E+00   0.000000E+00  -1.598721E-20
   0.000000E+00   0.000000E+00  -1.598721E-20
   0.000000E+00   0.000000E+00  -1.598721E-20
   0.000000E+00   0.000000E+00  -1.598721E-20
