      9    180  NNOD   N
      1   0.000000E+00   5.000000E+00   0.000000E+00
      2   0.000000E+00   2.500000E+00   0.000000E+00
      3   0.000000E+00   0.000000E+00   0.000000E+00
      4   2.500000E+00   5.000000E+00   0.000000E+00
      5   2.500000E+00   2.500000E+00   0.000000E+00
      6   2.500000E+00   0.000000E+00   0.000000E+00
      7   5.000000E+00   5.000000E+00   0.000000E+00
      8   5.000000E+00   2.500000E+00   0.000000E+00
      9   5.000000E+00   0.000000E+00   0.000000E+00
     10   0.000000E+00   5.000000E+00  -5.000000E-02
     11   0.000000E+00   2.500000E+00  -5.000000E-02
     12   0.000000E+00   0.000000E+00  -5.000000E-02
     13   2.500000E+00   5.000000E+00  -5.000000E-02
     14   2.500000E+00   2.500000E+00  -5.000000E-02
     15   2.500000E+00   0.000000E+00  -5.000000E-02
     16   5.000000E+00   5.000000E+00  -5.000000E-02
     17   5.000000E+00   2.500000E+00  -5.000000E-02
     18   5.000000E+00   0.000000E+00  -5.000000E-02
     19   0.000000E+00   5.000000E+00  -1.000000E-01
     20   0.000000E+00   2.500000E+00  -1.000000E-01
     21   0.000000E+00   0.000000E+00  -1.000000E-01
     22   2.500000E+00   5.000000E+00  -1.000000E-01
     23   2.500000E+00   2.500000E+00  -1.000000E-01
     24   2.500000E+00   0.000000E+00  -1.000000E-01
     25   5.000000E+00   5.000000E+00  -1.000000E-01
     26   5.000000E+00   2.500000E+00  -1.000000E-01
     27   5.000000E+00   0.000000E+00  -1.000000E-01
     28   0.000000E+00   5.000000E+00  -1.500000E-01
     29   0.000000E+00   2.500000E+00  -1.500000E-01
     30   0.000000E+00   0.000000E+00  -1.500000E-01
     31   2.500000E+00   5.000000E+00  -1.500000E-01
     32   2.500000E+00   2.500000E+00  -1.500000E-01
     33   2.500000E+00   0.000000E+00  -1.500000E-01
     34   5.000000E+00   5.000000E+00  -1.500000E-01
     35   5.000000E+00   2.500000E+00  -1.500000E-01
     36   5.000000E+00   0.000000E+00  -1.500000E-01
     37   0.000000E+00   5.000000E+00  -2.000000E-01
     38   0.000000E+00   2.500000E+00  -2.000000E-01
     39   0.000000E+00   0.000000E+00  -2.000000E-01
     40   2.500000E+00   5.000000E+00  -2.000000E-01
     41   2.500000E+00   2.500000E+00  -2.000000E-01
     42   2.500000E+00   0.000000E+00  -2.000000E-01
     43   5.000000E+00   5.000000E+00  -2.000000E-01
     44   5.000000E+00   2.500000E+00  -2.000000E-01
     45   5.000000E+00   0.000000E+00  -2.000000E-01
     46   0.000000E+00   5.000000E+00  -2.500000E-01
     47   0.000000E+00   2.500000E+00  -2.500000E-01
     48   0.000000E+00   0.000000E+00  -2.500000E-01
     49   2.500000E+00   5.000000E+00  -2.500000E-01
     50   2.500000E+00   2.500000E+00  -2.500000E-01
     51   2.500000E+00   0.000000E+00  -2.500000E-01
     52   5.000000E+00   5.000000E+00  -2.500000E-01
     53   5.000000E+00   2.500000E+00  -2.500000E-01
     54   5.000000E+00   0.000000E+00  -2.500000E-01
     55   0.000000E+00   5.000000E+00  -3.000000E-01
     56   0.000000E+00   2.500000E+00  -3.000000E-01
     57   0.000000E+00   0.000000E+00  -3.000000E-01
     58   2.500000E+00   5.000000E+00  -3.000000E-01
     59   2.500000E+00   2.500000E+00  -3.000000E-01
     60   2.500000E+00   0.000000E+00  -3.000000E-01
     61   5.000000E+00   5.000000E+00  -3.000000E-01
     62   5.000000E+00   2.500000E+00  -3.000000E-01
     63   5.000000E+00   0.000000E+00  -3.000000E-01
     64   0.000000E+00   5.000000E+00  -4.000000E-01
     65   0.000000E+00   2.500000E+00  -4.000000E-01
     66   0.000000E+00   0.000000E+00  -4.000000E-01
     67   2.500000E+00   5.000000E+00  -4.000000E-01
     68   2.500000E+00   2.500000E+00  -4.000000E-01
     69   2.500000E+00   0.000000E+00  -4.000000E-01
     70   5.000000E+00   5.000000E+00  -4.000000E-01
     71   5.000000E+00   2.500000E+00  -4.000000E-01
     72   5.000000E+00   0.000000E+00  -4.000000E-01
     73   0.000000E+00   5.000000E+00  -5.000000E-01
     74   0.000000E+00   2.500000E+00  -5.000000E-01
     75   0.000000E+00   0.000000E+00  -5.000000E-01
     76   2.500000E+00   5.000000E+00  -5.000000E-01
     77   2.500000E+00   2.500000E+00  -5.000000E-01
     78   2.500000E+00   0.000000E+00  -5.000000E-01
     79   5.000000E+00   5.000000E+00  -5.000000E-01
     80   5.000000E+00   2.500000E+00  -5.000000E-01
     81   5.000000E+00   0.000000E+00  -5.000000E-01
     82   0.000000E+00   5.000000E+00  -6.000000E-01
     83   0.000000E+00   2.500000E+00  -6.000000E-01
     84   0.000000E+00   0.000000E+00  -6.000000E-01
     85   2.500000E+00   5.000000E+00  -6.000000E-01
     86   2.500000E+00   2.500000E+00  -6.000000E-01
     87   2.500000E+00   0.000000E+00  -6.000000E-01
     88   5.000000E+00   5.000000E+00  -6.000000E-01
     89   5.000000E+00   2.500000E+00  -6.000000E-01
     90   5.000000E+00   0.000000E+00  -6.000000E-01
     91   0.000000E+00   5.000000E+00  -7.000000E-01
     92   0.000000E+00   2.500000E+00  -7.000000E-01
     93   0.000000E+00   0.000000E+00  -7.000000E-01
     94   2.500000E+00   5.000000E+00  -7.000000E-01
     95   2.500000E+00   2.500000E+00  -7.000000E-01
     96   2.500000E+00   0.000000E+00  -7.000000E-01
     97   5.000000E+00   5.000000E+00  -7.000000E-01
     98   5.000000E+00   2.500000E+00  -7.000000E-01
     99   5.000000E+00   0.000000E+00  -7.000000E-01
    100   0.000000E+00   5.000000E+00  -8.000000E-01
    101   0.000000E+00   2.500000E+00  -8.000000E-01
    102   0.000000E+00   0.000000E+00  -8.000000E-01
    103   2.500000E+00   5.000000E+00  -8.000000E-01
    104   2.500000E+00   2.500000E+00  -8.000000E-01
    105   2.500000E+00   0.000000E+00  -8.000000E-01
    106   5.000000E+00   5.000000E+00  -8.000000E-01
    107   5.000000E+00   2.500000E+00  -8.000000E-01
    108   5.000000E+00   0.000000E+00  -8.000000E-01
    109   0.000000E+00   5.000000E+00  -9.000000E-01
    110   0.000000E+00   2.500000E+00  -9.000000E-01
    111   0.000000E+00   0.000000E+00  -9.000000E-01
    112   2.500000E+00   5.000000E+00  -9.000000E-01
    113   2.500000E+00   2.500000E+00  -9.000000E-01
    114   2.500000E+00   0.000000E+00  -9.000000E-01
    115   5.000000E+00   5.000000E+00  -9.000000E-01
    116   5.000000E+00   2.500000E+00  -9.000000E-01
    117   5.000000E+00   0.000000E+00  -9.000000E-01
    118   0.000000E+00   5.000000E+00  -1.000000E+00
    119   0.000000E+00   2.500000E+00  -1.000000E+00
    120   0.000000E+00   0.000000E+00  -1.000000E+00
    121   2.500000E+00   5.000000E+00  -1.000000E+00
    122   2.500000E+00   2.500000E+00  -1.000000E+00
    123   2.500000E+00   0.000000E+00  -1.000000E+00
    124   5.000000E+00   5.000000E+00  -1.000000E+00
    125   5.000000E+00   2.500000E+00  -1.000000E+00
    126   5.000000E+00   0.000000E+00  -1.000000E+00
    127   0.000000E+00   5.000000E+00  -1.500000E+00
    128   0.000000E+00   2.500000E+00  -1.500000E+00
    129   0.000000E+00   0.000000E+00  -1.500000E+00
    130   2.500000E+00   5.000000E+00  -1.500000E+00
    131   2.500000E+00   2.500000E+00  -1.500000E+00
    132   2.500000E+00   0.000000E+00  -1.500000E+00
    133   5.000000E+00   5.000000E+00  -1.500000E+00
    134   5.000000E+00   2.500000E+00  -1.500000E+00
    135   5.000000E+00   0.000000E+00  -1.500000E+00
    136   0.000000E+00   5.000000E+00  -2.000000E+00
    137   0.000000E+00   2.500000E+00  -2.000000E+00
    138   0.000000E+00   0.000000E+00  -2.000000E+00
    139   2.500000E+00   5.000000E+00  -2.000000E+00
    140   2.500000E+00   2.500000E+00  -2.000000E+00
    141   2.500000E+00   0.000000E+00  -2.000000E+00
    142   5.000000E+00   5.000000E+00  -2.000000E+00
    143   5.000000E+00   2.500000E+00  -2.000000E+00
    144   5.000000E+00   0.000000E+00  -2.000000E+00
    145   0.000000E+00   5.000000E+00  -2.500000E+00
    146   0.000000E+00   2.500000E+00  -2.500000E+00
    147   0.000000E+00   0.000000E+00  -2.500000E+00
    148   2.500000E+00   5.000000E+00  -2.500000E+00
    149   2.500000E+00   2.500000E+00  -2.500000E+00
    150   2.500000E+00   0.000000E+00  -2.500000E+00
    151   5.000000E+00   5.000000E+00  -2.500000E+00
    152   5.000000E+00   2.500000E+00  -2.500000E+00
    153   5.000000E+00   0.000000E+00  -2.500000E+00
    154   0.000000E+00   5.000000E+00  -3.000000E+00
    155   0.000000E+00   2.500000E+00  -3.000000E+00
    156   0.000000E+00   0.000000E+00  -3.000000E+00
    157   2.500000E+00   5.000000E+00  -3.000000E+00
    158   2.500000E+00   2.500000E+00  -3.000000E+00
    159   2.500000E+00   0.000000E+00  -3.000000E+00
    160   5.000000E+00   5.000000E+00  -3.000000E+00
    161   5.000000E+00   2.500000E+00  -3.000000E+00
    162   5.000000E+00   0.000000E+00  -3.000000E+00
    163   0.000000E+00   5.000000E+00  -4.000000E+00
    164   0.000000E+00   2.500000E+00  -4.000000E+00
    165   0.000000E+00   0.000000E+00  -4.000000E+00
    166   2.500000E+00   5.000000E+00  -4.000000E+00
    167   2.500000E+00   2.500000E+00  -4.000000E+00
    168   2.500000E+00   0.000000E+00  -4.000000E+00
    169   5.000000E+00   5.000000E+00  -4.000000E+00
    170   5.000000E+00   2.500000E+00  -4.000000E+00
    171   5.000000E+00   0.000000E+00  -4.000000E+00
    172   0.000000E+00   5.000000E+00  -5.000000E+00
    173   0.000000E+00   2.500000E+00  -5.000000E+00
    174   0.000000E+00   0.000000E+00  -5.000000E+00
    175   2.500000E+00   5.000000E+00  -5.000000E+00
    176   2.500000E+00   2.500000E+00  -5.000000E+00
    177   2.500000E+00   0.000000E+00  -5.000000E+00
    178   5.000000E+00   5.000000E+00  -5.000000E+00
    179   5.000000E+00   2.500000E+00  -5.000000E+00
    180   5.000000E+00   0.000000E+00  -5.000000E+00
