 550
 1
 501
 101
 451
 151
 401
 201
 51
 351
 301
 251
 352
 502
 302
 102
 202
 252
 152
 52
 452
 402
 2
 453
 353
 303
 503
 103
 403
 253
 153
 53
 203
 3
 154
 354
 54
 504
 404
 4
 204
 104
 304
 454
 254
 255
 405
 455
 205
 55
 155
 305
 355
 5
 505
 105
 156
 106
 456
 406
 56
 356
 306
 256
 6
 506
 206
 7
 257
 307
 207
 107
 57
 357
 157
 507
 457
 407
 258
 158
 458
 408
 358
 108
 208
 8
 308
 508
 58
 109
 9
 159
 259
 59
 209
 409
 459
 509
 359
 309
 110
 10
 510
 260
 210
 360
 410
 60
 160
 310
 460
 361
 61
 461
 261
 511
 211
 11
 111
 161
 311
 411
 362
 262
 412
 62
 162
 462
 312
 112
 212
 12
 512
 63
 463
 263
 313
 13
 363
 163
 113
 513
 413
 213
 164
 64
 464
 414
 14
 114
 214
 314
 264
 364
 514
 315
 365
 515
 165
 215
 465
 115
 15
 265
 415
 65
 216
 266
 366
 166
 66
 316
 16
 116
 466
 416
 516
 267
 117
 367
 167
 17
 417
 467
 67
 317
 217
 517
 518
 118
 468
 218
 18
 318
 418
 268
 68
 368
 168
 369
 419
 519
 69
 219
 469
 319
 119
 19
 169
 269
 20
 270
 170
 470
 70
 120
 520
 420
 220
 320
 370
 171
 121
 21
 71
 321
 221
 271
 521
 371
 471
 421
 172
 122
 372
 422
 472
 72
 222
 322
 272
 22
 522
 273
 23
 323
 123
 73
 473
 173
 523
 423
 373
 223
 124
 524
 74
 474
 324
 424
 224
 174
 24
 274
 374
 175
 125
 225
 25
 75
 275
 375
 325
 425
 525
 475
 476
 126
 326
 376
 526
 26
 76
 176
 426
 226
 276
 377
 177
 327
 77
 227
 427
 127
 477
 527
 277
 27
 428
 128
 528
 28
 178
 378
 228
 278
 478
 328
 78
 529
 79
 329
 229
 129
 479
 179
 379
 429
 29
 279
 530
 180
 480
 380
 30
 230
 80
 430
 330
 130
 280
 431
 31
 181
 531
 131
 381
 81
 481
 281
 331
 231
 332
 432
 382
 132
 532
 282
 182
 32
 232
 482
 82
 333
 183
 233
 433
 483
 533
 33
 283
 383
 133
 83
 34
 334
 384
 184
 484
 534
 84
 134
 234
 434
 284
 235
 485
 35
 285
 85
 335
 535
 135
 435
 185
 385
 136
 386
 486
 436
 236
 536
 86
 186
 336
 36
 286
 287
 437
 237
 187
 537
 37
 487
 87
 137
 337
 387
 138
 88
 438
 488
 238
 538
 338
 288
 388
 38
 188
 439
 39
 239
 89
 489
 139
 389
 189
 289
 339
 539
 340
 390
 440
 40
 140
 190
 290
 540
 240
 90
 490
 541
 341
 41
 491
 91
 191
 291
 141
 241
 441
 391
 192
 242
 342
 142
 392
 492
 292
 92
 542
 442
 42
 393
 293
 243
 443
 493
 93
 343
 543
 193
 43
 143
 544
 494
 444
 294
 344
 94
 44
 394
 194
 244
 144
 45
 545
 495
 345
 445
 195
 395
 145
 245
 95
 295
 146
 446
 296
 96
 496
 396
 196
 246
 346
 546
 46
 547
 347
 297
 397
 447
 197
 147
 497
 247
 97
 47
 548
 398
 298
 48
 198
 248
 498
 148
 348
 448
 98
 299
 249
 199
 549
 399
 449
 149
 349
 499
 49
 99
 50
 550
 500
 100
 150
 450
 200
 400
 250
 350
 300
