        9      180      456
      1      4      5     10      1
     10     13     14      5      1
      4      5     13     10      1
      4      7      8     13      1
     13     16     17      8      1
      7      8     16     13      1
      1      2      5     10      1
     10     11     14      5      1
      2      5     11     10      1
      4      5      8     13      1
     13     14     17      8      1
      5      8     14     13      1
      2      5      6     11      1
     11     14     15      6      1
      5      6     14     11      1
      5      8      9     14      1
     14     17     18      9      1
      8      9     17     14      1
      2      3      6     11      1
     11     12     15      6      1
      3      6     12     11      1
      5      6      9     14      1
     14     15     18      9      1
      6      9     15     14      1
     10     13     14     19      1
     19     22     23     14      1
     13     14     22     19      1
     13     16     17     22      1
     22     25     26     17      1
     16     17     25     22      1
     10     11     14     19      1
     19     20     23     14      1
     11     14     20     19      1
     13     14     17     22      1
     22     23     26     17      1
     14     17     23     22      1
     11     14     15     20      1
     20     23     24     15      1
     14     15     23     20      1
     14     17     18     23      1
     23     26     27     18      1
     17     18     26     23      1
     11     12     15     20      1
     20     21     24     15      1
     12     15     21     20      1
     14     15     18     23      1
     23     24     27     18      1
     15     18     24     23      1
     19     22     23     28      1
     28     31     32     23      1
     22     23     31     28      1
     22     25     26     31      1
     31     34     35     26      1
     25     26     34     31      1
     19     20     23     28      1
     28     29     32     23      1
     20     23     29     28      1
     22     23     26     31      1
     31     32     35     26      1
     23     26     32     31      1
     20     23     24     29      1
     29     32     33     24      1
     23     24     32     29      1
     23     26     27     32      1
     32     35     36     27      1
     26     27     35     32      1
     20     21     24     29      1
     29     30     33     24      1
     21     24     30     29      1
     23     24     27     32      1
     32     33     36     27      1
     24     27     33     32      1
     28     31     32     37      1
     37     40     41     32      1
     31     32     40     37      1
     31     34     35     40      1
     40     43     44     35      1
     34     35     43     40      1
     28     29     32     37      1
     37     38     41     32      1
     29     32     38     37      1
     31     32     35     40      1
     40     41     44     35      1
     32     35     41     40      1
     29     32     33     38      1
     38     41     42     33      1
     32     33     41     38      1
     32     35     36     41      1
     41     44     45     36      1
     35     36     44     41      1
     29     30     33     38      1
     38     39     42     33      1
     30     33     39     38      1
     32     33     36     41      1
     41     42     45     36      1
     33     36     42     41      1
     37     40     41     46      1
     46     49     50     41      1
     40     41     49     46      1
     40     43     44     49      1
     49     52     53     44      1
     43     44     52     49      1
     37     38     41     46      1
     46     47     50     41      1
     38     41     47     46      1
     40     41     44     49      1
     49     50     53     44      1
     41     44     50     49      1
     38     41     42     47      1
     47     50     51     42      1
     41     42     50     47      1
     41     44     45     50      1
     50     53     54     45      1
     44     45     53     50      1
     38     39     42     47      1
     47     48     51     42      1
     39     42     48     47      1
     41     42     45     50      1
     50     51     54     45      1
     42     45     51     50      1
     46     49     50     55      1
     55     58     59     50      1
     49     50     58     55      1
     49     52     53     58      1
     58     61     62     53      1
     52     53     61     58      1
     46     47     50     55      1
     55     56     59     50      1
     47     50     56     55      1
     49     50     53     58      1
     58     59     62     53      1
     50     53     59     58      1
     47     50     51     56      1
     56     59     60     51      1
     50     51     59     56      1
     50     53     54     59      1
     59     62     63     54      1
     53     54     62     59      1
     47     48     51     56      1
     56     57     60     51      1
     48     51     57     56      1
     50     51     54     59      1
     59     60     63     54      1
     51     54     60     59      1
     55     58     59     64      1
     64     67     68     59      1
     58     59     67     64      1
     58     61     62     67      1
     67     70     71     62      1
     61     62     70     67      1
     55     56     59     64      1
     64     65     68     59      1
     56     59     65     64      1
     58     59     62     67      1
     67     68     71     62      1
     59     62     68     67      1
     56     59     60     65      1
     65     68     69     60      1
     59     60     68     65      1
     59     62     63     68      1
     68     71     72     63      1
     62     63     71     68      1
     56     57     60     65      1
     65     66     69     60      1
     57     60     66     65      1
     59     60     63     68      1
     68     69     72     63      1
     60     63     69     68      1
     64     67     68     73      1
     73     76     77     68      1
     67     68     76     73      1
     67     70     71     76      1
     76     79     80     71      1
     70     71     79     76      1
     64     65     68     73      1
     73     74     77     68      1
     65     68     74     73      1
     67     68     71     76      1
     76     77     80     71      1
     68     71     77     76      1
     65     68     69     74      1
     74     77     78     69      1
     68     69     77     74      1
     68     71     72     77      1
     77     80     81     72      1
     71     72     80     77      1
     65     66     69     74      1
     74     75     78     69      1
     66     69     75     74      1
     68     69     72     77      1
     77     78     81     72      1
     69     72     78     77      1
     73     76     77     82      1
     82     85     86     77      1
     76     77     85     82      1
     76     79     80     85      1
     85     88     89     80      1
     79     80     88     85      1
     73     74     77     82      1
     82     83     86     77      1
     74     77     83     82      1
     76     77     80     85      1
     85     86     89     80      1
     77     80     86     85      1
     74     77     78     83      1
     83     86     87     78      1
     77     78     86     83      1
     77     80     81     86      1
     86     89     90     81      1
     80     81     89     86      1
     74     75     78     83      1
     83     84     87     78      1
     75     78     84     83      1
     77     78     81     86      1
     86     87     90     81      1
     78     81     87     86      1
     82     85     86     91      1
     91     94     95     86      1
     85     86     94     91      1
     85     88     89     94      1
     94     97     98     89      1
     88     89     97     94      1
     82     83     86     91      1
     91     92     95     86      1
     83     86     92     91      1
     85     86     89     94      1
     94     95     98     89      1
     86     89     95     94      1
     83     86     87     92      1
     92     95     96     87      1
     86     87     95     92      1
     86     89     90     95      1
     95     98     99     90      1
     89     90     98     95      1
     83     84     87     92      1
     92     93     96     87      1
     84     87     93     92      1
     86     87     90     95      1
     95     96     99     90      1
     87     90     96     95      1
     91     94     95    100      1
    100    103    104     95      1
     94     95    103    100      1
     94     97     98    103      1
    103    106    107     98      1
     97     98    106    103      1
     91     92     95    100      1
    100    101    104     95      1
     92     95    101    100      1
     94     95     98    103      1
    103    104    107     98      1
     95     98    104    103      1
     92     95     96    101      1
    101    104    105     96      1
     95     96    104    101      1
     95     98     99    104      1
    104    107    108     99      1
     98     99    107    104      1
     92     93     96    101      1
    101    102    105     96      1
     93     96    102    101      1
     95     96     99    104      1
    104    105    108     99      1
     96     99    105    104      1
    100    103    104    109      1
    109    112    113    104      1
    103    104    112    109      1
    103    106    107    112      1
    112    115    116    107      1
    106    107    115    112      1
    100    101    104    109      1
    109    110    113    104      1
    101    104    110    109      1
    103    104    107    112      1
    112    113    116    107      1
    104    107    113    112      1
    101    104    105    110      1
    110    113    114    105      1
    104    105    113    110      1
    104    107    108    113      1
    113    116    117    108      1
    107    108    116    113      1
    101    102    105    110      1
    110    111    114    105      1
    102    105    111    110      1
    104    105    108    113      1
    113    114    117    108      1
    105    108    114    113      1
    109    112    113    118      1
    118    121    122    113      1
    112    113    121    118      1
    112    115    116    121      1
    121    124    125    116      1
    115    116    124    121      1
    109    110    113    118      1
    118    119    122    113      1
    110    113    119    118      1
    112    113    116    121      1
    121    122    125    116      1
    113    116    122    121      1
    110    113    114    119      1
    119    122    123    114      1
    113    114    122    119      1
    113    116    117    122      1
    122    125    126    117      1
    116    117    125    122      1
    110    111    114    119      1
    119    120    123    114      1
    111    114    120    119      1
    113    114    117    122      1
    122    123    126    117      1
    114    117    123    122      1
    118    121    122    127      1
    127    130    131    122      1
    121    122    130    127      1
    121    124    125    130      1
    130    133    134    125      1
    124    125    133    130      1
    118    119    122    127      1
    127    128    131    122      1
    119    122    128    127      1
    121    122    125    130      1
    130    131    134    125      1
    122    125    131    130      1
    119    122    123    128      1
    128    131    132    123      1
    122    123    131    128      1
    122    125    126    131      1
    131    134    135    126      1
    125    126    134    131      1
    119    120    123    128      1
    128    129    132    123      1
    120    123    129    128      1
    122    123    126    131      1
    131    132    135    126      1
    123    126    132    131      1
    127    130    131    136      1
    136    139    140    131      1
    130    131    139    136      1
    130    133    134    139      1
    139    142    143    134      1
    133    134    142    139      1
    127    128    131    136      1
    136    137    140    131      1
    128    131    137    136      1
    130    131    134    139      1
    139    140    143    134      1
    131    134    140    139      1
    128    131    132    137      1
    137    140    141    132      1
    131    132    140    137      1
    131    134    135    140      1
    140    143    144    135      1
    134    135    143    140      1
    128    129    132    137      1
    137    138    141    132      1
    129    132    138    137      1
    131    132    135    140      1
    140    141    144    135      1
    132    135    141    140      1
    136    139    140    145      1
    145    148    149    140      1
    139    140    148    145      1
    139    142    143    148      1
    148    151    152    143      1
    142    143    151    148      1
    136    137    140    145      1
    145    146    149    140      1
    137    140    146    145      1
    139    140    143    148      1
    148    149    152    143      1
    140    143    149    148      1
    137    140    141    146      1
    146    149    150    141      1
    140    141    149    146      1
    140    143    144    149      1
    149    152    153    144      1
    143    144    152    149      1
    137    138    141    146      1
    146    147    150    141      1
    138    141    147    146      1
    140    141    144    149      1
    149    150    153    144      1
    141    144    150    149      1
    145    148    149    154      1
    154    157    158    149      1
    148    149    157    154      1
    148    151    152    157      1
    157    160    161    152      1
    151    152    160    157      1
    145    146    149    154      1
    154    155    158    149      1
    146    149    155    154      1
    148    149    152    157      1
    157    158    161    152      1
    149    152    158    157      1
    146    149    150    155      1
    155    158    159    150      1
    149    150    158    155      1
    149    152    153    158      1
    158    161    162    153      1
    152    153    161    158      1
    146    147    150    155      1
    155    156    159    150      1
    147    150    156    155      1
    149    150    153    158      1
    158    159    162    153      1
    150    153    159    158      1
    154    157    158    163      1
    163    166    167    158      1
    157    158    166    163      1
    157    160    161    166      1
    166    169    170    161      1
    160    161    169    166      1
    154    155    158    163      1
    163    164    167    158      1
    155    158    164    163      1
    157    158    161    166      1
    166    167    170    161      1
    158    161    167    166      1
    155    158    159    164      1
    164    167    168    159      1
    158    159    167    164      1
    158    161    162    167      1
    167    170    171    162      1
    161    162    170    167      1
    155    156    159    164      1
    164    165    168    159      1
    156    159    165    164      1
    158    159    162    167      1
    167    168    171    162      1
    159    162    168    167      1
    163    166    167    172      1
    172    175    176    167      1
    166    167    175    172      1
    166    169    170    175      1
    175    178    179    170      1
    169    170    178    175      1
    163    164    167    172      1
    172    173    176    167      1
    164    167    173    172      1
    166    167    170    175      1
    175    176    179    170      1
    167    170    176    175      1
    164    167    168    173      1
    173    176    177    168      1
    167    168    176    173      1
    167    170    171    176      1
    176    179    180    171      1
    170    171    179    176      1
    164    165    168    173      1
    173    174    177    168      1
    165    168    174    173      1
    167    168    171    176      1
    176    177    180    171      1
    168    171    177    176      1
   0.000000E+00   5.000000E+00   0.000000E+00
   0.000000E+00   2.500000E+00   0.000000E+00
   0.000000E+00   0.000000E+00   0.000000E+00
   2.500000E+00   5.000000E+00   0.000000E+00
   2.500000E+00   2.500000E+00   0.000000E+00
   2.500000E+00   0.000000E+00   0.000000E+00
   5.000000E+00   5.000000E+00   0.000000E+00
   5.000000E+00   2.500000E+00   0.000000E+00
   5.000000E+00   0.000000E+00   0.000000E+00
   0.000000E+00   5.000000E+00  -5.000000E-02
   0.000000E+00   2.500000E+00  -5.000000E-02
   0.000000E+00   0.000000E+00  -5.000000E-02
   2.500000E+00   5.000000E+00  -5.000000E-02
   2.500000E+00   2.500000E+00  -5.000000E-02
   2.500000E+00   0.000000E+00  -5.000000E-02
   5.000000E+00   5.000000E+00  -5.000000E-02
   5.000000E+00   2.500000E+00  -5.000000E-02
   5.000000E+00   0.000000E+00  -5.000000E-02
   0.000000E+00   5.000000E+00  -1.000000E-01
   0.000000E+00   2.500000E+00  -1.000000E-01
   0.000000E+00   0.000000E+00  -1.000000E-01
   2.500000E+00   5.000000E+00  -1.000000E-01
   2.500000E+00   2.500000E+00  -1.000000E-01
   2.500000E+00   0.000000E+00  -1.000000E-01
   5.000000E+00   5.000000E+00  -1.000000E-01
   5.000000E+00   2.500000E+00  -1.000000E-01
   5.000000E+00   0.000000E+00  -1.000000E-01
   0.000000E+00   5.000000E+00  -1.500000E-01
   0.000000E+00   2.500000E+00  -1.500000E-01
   0.000000E+00   0.000000E+00  -1.500000E-01
   2.500000E+00   5.000000E+00  -1.500000E-01
   2.500000E+00   2.500000E+00  -1.500000E-01
   2.500000E+00   0.000000E+00  -1.500000E-01
   5.000000E+00   5.000000E+00  -1.500000E-01
   5.000000E+00   2.500000E+00  -1.500000E-01
   5.000000E+00   0.000000E+00  -1.500000E-01
   0.000000E+00   5.000000E+00  -2.000000E-01
   0.000000E+00   2.500000E+00  -2.000000E-01
   0.000000E+00   0.000000E+00  -2.000000E-01
   2.500000E+00   5.000000E+00  -2.000000E-01
   2.500000E+00   2.500000E+00  -2.000000E-01
   2.500000E+00   0.000000E+00  -2.000000E-01
   5.000000E+00   5.000000E+00  -2.000000E-01
   5.000000E+00   2.500000E+00  -2.000000E-01
   5.000000E+00   0.000000E+00  -2.000000E-01
   0.000000E+00   5.000000E+00  -2.500000E-01
   0.000000E+00   2.500000E+00  -2.500000E-01
   0.000000E+00   0.000000E+00  -2.500000E-01
   2.500000E+00   5.000000E+00  -2.500000E-01
   2.500000E+00   2.500000E+00  -2.500000E-01
   2.500000E+00   0.000000E+00  -2.500000E-01
   5.000000E+00   5.000000E+00  -2.500000E-01
   5.000000E+00   2.500000E+00  -2.500000E-01
   5.000000E+00   0.000000E+00  -2.500000E-01
   0.000000E+00   5.000000E+00  -3.000000E-01
   0.000000E+00   2.500000E+00  -3.000000E-01
   0.000000E+00   0.000000E+00  -3.000000E-01
   2.500000E+00   5.000000E+00  -3.000000E-01
   2.500000E+00   2.500000E+00  -3.000000E-01
   2.500000E+00   0.000000E+00  -3.000000E-01
   5.000000E+00   5.000000E+00  -3.000000E-01
   5.000000E+00   2.500000E+00  -3.000000E-01
   5.000000E+00   0.000000E+00  -3.000000E-01
   0.000000E+00   5.000000E+00  -4.000000E-01
   0.000000E+00   2.500000E+00  -4.000000E-01
   0.000000E+00   0.000000E+00  -4.000000E-01
   2.500000E+00   5.000000E+00  -4.000000E-01
   2.500000E+00   2.500000E+00  -4.000000E-01
   2.500000E+00   0.000000E+00  -4.000000E-01
   5.000000E+00   5.000000E+00  -4.000000E-01
   5.000000E+00   2.500000E+00  -4.000000E-01
   5.000000E+00   0.000000E+00  -4.000000E-01
   0.000000E+00   5.000000E+00  -5.000000E-01
   0.000000E+00   2.500000E+00  -5.000000E-01
   0.000000E+00   0.000000E+00  -5.000000E-01
   2.500000E+00   5.000000E+00  -5.000000E-01
   2.500000E+00   2.500000E+00  -5.000000E-01
   2.500000E+00   0.000000E+00  -5.000000E-01
   5.000000E+00   5.000000E+00  -5.000000E-01
   5.000000E+00   2.500000E+00  -5.000000E-01
   5.000000E+00   0.000000E+00  -5.000000E-01
   0.000000E+00   5.000000E+00  -6.000000E-01
   0.000000E+00   2.500000E+00  -6.000000E-01
   0.000000E+00   0.000000E+00  -6.000000E-01
   2.500000E+00   5.000000E+00  -6.000000E-01
   2.500000E+00   2.500000E+00  -6.000000E-01
   2.500000E+00   0.000000E+00  -6.000000E-01
   5.000000E+00   5.000000E+00  -6.000000E-01
   5.000000E+00   2.500000E+00  -6.000000E-01
   5.000000E+00   0.000000E+00  -6.000000E-01
   0.000000E+00   5.000000E+00  -7.000000E-01
   0.000000E+00   2.500000E+00  -7.000000E-01
   0.000000E+00   0.000000E+00  -7.000000E-01
   2.500000E+00   5.000000E+00  -7.000000E-01
   2.500000E+00   2.500000E+00  -7.000000E-01
   2.500000E+00   0.000000E+00  -7.000000E-01
   5.000000E+00   5.000000E+00  -7.000000E-01
   5.000000E+00   2.500000E+00  -7.000000E-01
   5.000000E+00   0.000000E+00  -7.000000E-01
   0.000000E+00   5.000000E+00  -8.000000E-01
   0.000000E+00   2.500000E+00  -8.000000E-01
   0.000000E+00   0.000000E+00  -8.000000E-01
   2.500000E+00   5.000000E+00  -8.000000E-01
   2.500000E+00   2.500000E+00  -8.000000E-01
   2.500000E+00   0.000000E+00  -8.000000E-01
   5.000000E+00   5.000000E+00  -8.000000E-01
   5.000000E+00   2.500000E+00  -8.000000E-01
   5.000000E+00   0.000000E+00  -8.000000E-01
   0.000000E+00   5.000000E+00  -9.000000E-01
   0.000000E+00   2.500000E+00  -9.000000E-01
   0.000000E+00   0.000000E+00  -9.000000E-01
   2.500000E+00   5.000000E+00  -9.000000E-01
   2.500000E+00   2.500000E+00  -9.000000E-01
   2.500000E+00   0.000000E+00  -9.000000E-01
   5.000000E+00   5.000000E+00  -9.000000E-01
   5.000000E+00   2.500000E+00  -9.000000E-01
   5.000000E+00   0.000000E+00  -9.000000E-01
   0.000000E+00   5.000000E+00  -1.000000E+00
   0.000000E+00   2.500000E+00  -1.000000E+00
   0.000000E+00   0.000000E+00  -1.000000E+00
   2.500000E+00   5.000000E+00  -1.000000E+00
   2.500000E+00   2.500000E+00  -1.000000E+00
   2.500000E+00   0.000000E+00  -1.000000E+00
   5.000000E+00   5.000000E+00  -1.000000E+00
   5.000000E+00   2.500000E+00  -1.000000E+00
   5.000000E+00   0.000000E+00  -1.000000E+00
   0.000000E+00   5.000000E+00  -1.500000E+00
   0.000000E+00   2.500000E+00  -1.500000E+00
   0.000000E+00   0.000000E+00  -1.500000E+00
   2.500000E+00   5.000000E+00  -1.500000E+00
   2.500000E+00   2.500000E+00  -1.500000E+00
   2.500000E+00   0.000000E+00  -1.500000E+00
   5.000000E+00   5.000000E+00  -1.500000E+00
   5.000000E+00   2.500000E+00  -1.500000E+00
   5.000000E+00   0.000000E+00  -1.500000E+00
   0.000000E+00   5.000000E+00  -2.000000E+00
   0.000000E+00   2.500000E+00  -2.000000E+00
   0.000000E+00   0.000000E+00  -2.000000E+00
   2.500000E+00   5.000000E+00  -2.000000E+00
   2.500000E+00   2.500000E+00  -2.000000E+00
   2.500000E+00   0.000000E+00  -2.000000E+00
   5.000000E+00   5.000000E+00  -2.000000E+00
   5.000000E+00   2.500000E+00  -2.000000E+00
   5.000000E+00   0.000000E+00  -2.000000E+00
   0.000000E+00   5.000000E+00  -2.500000E+00
   0.000000E+00   2.500000E+00  -2.500000E+00
   0.000000E+00   0.000000E+00  -2.500000E+00
   2.500000E+00   5.000000E+00  -2.500000E+00
   2.500000E+00   2.500000E+00  -2.500000E+00
   2.500000E+00   0.000000E+00  -2.500000E+00
   5.000000E+00   5.000000E+00  -2.500000E+00
   5.000000E+00   2.500000E+00  -2.500000E+00
   5.000000E+00   0.000000E+00  -2.500000E+00
   0.000000E+00   5.000000E+00  -3.000000E+00
   0.000000E+00   2.500000E+00  -3.000000E+00
   0.000000E+00   0.000000E+00  -3.000000E+00
   2.500000E+00   5.000000E+00  -3.000000E+00
   2.500000E+00   2.500000E+00  -3.000000E+00
   2.500000E+00   0.000000E+00  -3.000000E+00
   5.000000E+00   5.000000E+00  -3.000000E+00
   5.000000E+00   2.500000E+00  -3.000000E+00
   5.000000E+00   0.000000E+00  -3.000000E+00
   0.000000E+00   5.000000E+00  -4.000000E+00
   0.000000E+00   2.500000E+00  -4.000000E+00
   0.000000E+00   0.000000E+00  -4.000000E+00
   2.500000E+00   5.000000E+00  -4.000000E+00
   2.500000E+00   2.500000E+00  -4.000000E+00
   2.500000E+00   0.000000E+00  -4.000000E+00
   5.000000E+00   5.000000E+00  -4.000000E+00
   5.000000E+00   2.500000E+00  -4.000000E+00
   5.000000E+00   0.000000E+00  -4.000000E+00
   0.000000E+00   5.000000E+00  -5.000000E+00
   0.000000E+00   2.500000E+00  -5.000000E+00
   0.000000E+00   0.000000E+00  -5.000000E+00
   2.500000E+00   5.000000E+00  -5.000000E+00
   2.500000E+00   2.500000E+00  -5.000000E+00
   2.500000E+00   0.000000E+00  -5.000000E+00
   5.000000E+00   5.000000E+00  -5.000000E+00
   5.000000E+00   2.500000E+00  -5.000000E+00
   5.000000E+00   0.000000E+00  -5.000000E+00
