   0.0000000     TIME
 0          40
         136
         137
         138
         139
         141
         142
         143
         144
         145
         146
         147
         148
         150
         151
         152
         153
         154
         155
         156
         157
         159
         160
         161
         162
         163
         164
         165
         166
         168
         169
         170
         171
         172
         173
         174
         175
         177
         178
         179
         180
  0.50000000000000000     
  0.50000000000000000     
  0.50000000000000000     
  0.50000000000000000     
  0.50000000000000000     
  0.50000000000000000     
  0.50000000000000000     
  0.50000000000000000     
   1.0000000000000000     
   1.0000000000000000     
   1.0000000000000000     
   1.0000000000000000     
   1.0000000000000000     
   1.0000000000000000     
   1.0000000000000000     
   1.0000000000000000     
   1.5000000000000000     
   1.5000000000000000     
   1.5000000000000000     
   1.5000000000000000     
   1.5000000000000000     
   1.5000000000000000     
   1.5000000000000000     
   1.5000000000000000     
   2.5000000000000000     
   2.5000000000000000     
   2.5000000000000000     
   2.5000000000000000     
   2.5000000000000000     
   2.5000000000000000     
   2.5000000000000000     
   2.5000000000000000     
   3.5000000000000000     
   3.5000000000000000     
   3.5000000000000000     
   3.5000000000000000     
   3.5000000000000000     
   3.5000000000000000     
   3.5000000000000000     
   3.5000000000000000     
  1.00000002E+20 TIME
 0          40
         136
         137
         138
         139
         141
         142
         143
         144
         145
         146
         147
         148
         150
         151
         152
         153
         154
         155
         156
         157
         159
         160
         161
         162
         163
         164
         165
         166
         168
         169
         170
         171
         172
         173
         174
         175
         177
         178
         179
         180
  0.50000000000000000     
  0.50000000000000000     
  0.50000000000000000     
  0.50000000000000000     
  0.50000000000000000     
  0.50000000000000000     
  0.50000000000000000     
  0.50000000000000000     
   1.0000000000000000     
   1.0000000000000000     
   1.0000000000000000     
   1.0000000000000000     
   1.0000000000000000     
   1.0000000000000000     
   1.0000000000000000     
   1.0000000000000000     
   1.5000000000000000     
   1.5000000000000000     
   1.5000000000000000     
   1.5000000000000000     
   1.5000000000000000     
   1.5000000000000000     
   1.5000000000000000     
   1.5000000000000000     
   2.5000000000000000     
   2.5000000000000000     
   2.5000000000000000     
   2.5000000000000000     
   2.5000000000000000     
   2.5000000000000000     
   2.5000000000000000     
   2.5000000000000000     
   3.5000000000000000     
   3.5000000000000000     
   3.5000000000000000     
   3.5000000000000000     
   3.5000000000000000     
   3.5000000000000000     
   3.5000000000000000     
   3.5000000000000000     
