   120.00000000000000               23  -1.9000000835651165       0.35278140791709900               59  -1.7000000108866591       0.36556884378302612               77  -1.5000000014407009       0.38059549922495695               95  -1.3000000001834005       0.39862564488556396     
   264.00000000000000               23  -1.9000001809040881       0.35278140296386573               59  -1.7000000235672172       0.36556884303159998               77  -1.5000000031187468       0.38059549910701129               95  -1.3000000003970620       0.39862564486733387     
   436.79999999999995               23  -1.9000002966297276       0.35278139719420232               59  -1.7000000386423080       0.36556884215635410               77  -1.5000000051135918       0.38059549896963496               95  -1.3000000006511272       0.39862564484609586     
   644.15999999999997               23  -1.9000004349056328       0.35278139033468936               59  -1.7000000566538815       0.36556884111583132               77  -1.5000000074969082       0.38059549880632326               95  -1.3000000009547632       0.39862564482084162     
   892.99199999999996               23  -1.9000006004611991       0.35278138213853427               59  -1.7000000782173741       0.36556883987262456               77  -1.5000000103500706       0.38059549861120856               95  -1.3000000013183937       0.39862564479065998     
   1191.5904000000000               23  -1.9000007988881396       0.35278137232540796               59  -1.7000001040602419       0.36556883838425502               77  -1.5000000137692460       0.38059549837762907               95  -1.3000000017543560       0.39862564475451501     
   1549.9084800000001               23  -1.9000010368694680       0.35278136056386811               59  -1.7000001350516594       0.36556883660051176               77  -1.5000000178693109       0.38059549809771187               95  -1.3000000022774143       0.39862564471118012     
   1979.8901759999999               23  -1.9000013092710641       0.35278134645778736               59  -1.7000001705211303       0.36556883446140187               77  -1.5000000225613692       0.38059549776205237               95  -1.3000000028764171       0.39862564465918793     
   2495.8682111999997               23  -1.9000016362496446       0.35278133031148629               59  -1.7000002130915148       0.36556883201320489               77  -1.5000000281922150       0.38059549737792830               95  -1.3000000035958159       0.39862564459964667     
   3115.0418534399996               23  -1.9000020288720623       0.35278131093019938               59  -1.7000002642005225       0.36556882907488419               77  -1.5000000349517095       0.38059549691694849               95  -1.3000000044601965       0.39862564452813809     
   3858.0502241279992               23  -1.9000024971589584       0.35278128765795413               59  -1.7000003251481972       0.36556882554720516               77  -1.5000000430113616       0.38059549636356993               95  -1.3000000054919743       0.39862564444221826     
   4749.6602689535994               23  -1.9000030598280493       0.35278125990079190               59  -1.7000003983651690       0.36556882134043556               77  -1.5000000526920623       0.38059549570375140               95  -1.3000000067328747       0.39862564433965908     
   5819.5923227443191               23  -1.9000036623233152       0.35278122654924704               59  -1.7000004767411934       0.36556881628680682               77  -1.5000000630525521       0.38059549491122269               95  -1.3000000080636407       0.39862564421631297     
   7019.5923227443191               23  -1.9000043391472283       0.35278119083706783               59  -1.7000005647694951       0.36556881087708692               77  -1.5000000746872910       0.38059549406304194               95  -1.3000000095602657       0.39862564408403423     
   8219.5923227443200               23  -1.9000048688086340       0.35278115071916638               59  -1.7000006336330122       0.36556880480114196               77  -1.5000000837863183       0.38059549311054230               95  -1.3000000107340743       0.39862564393526900     
   9419.5923227443200               23  -1.9000054511839684       0.35278111932415435               59  -1.7000007093509750       0.36556880004800107               77  -1.5000000937911102       0.38059549236563339               95  -1.3000000120249213       0.39862564381859178     
   10619.592322744320               23  -1.9000060342219867       0.35278108480460457               59  -1.7000007851477363       0.36556879482174875               77  -1.5000001038054900       0.38059549154657246               95  -1.3000000133182934       0.39862564369028097     
   11819.592322744320               23  -1.9000065784979185       0.35278105024578965               59  -1.7000008558921158       0.36556878959005767               77  -1.5000001131508742       0.38059549072672660               95  -1.3000000145273902       0.39862564356171915     
   13019.592322744320               23  -1.9000070857616524       0.35278101798455963               59  -1.7000009218129826       0.36556878470709575               77  -1.5000001218576449       0.38059548996164927               95  -1.3000000156560043       0.39862564344153439     
   14219.592322744320               23  -1.9000075935982332       0.35278098791718981               59  -1.7000009878034739       0.36556878015706540               77  -1.5000001305730433       0.38059548924885322               95  -1.3000000167868346       0.39862564332934958     
   15419.592322744320               23  -1.9000080783602564       0.35278095781587626               59  -1.7000010507859520       0.36556877560222956               77  -1.5000001388900692       0.38059548853535097               95  -1.3000000178678193       0.39862564321694449     
   16619.592322744320               23  -1.9000085602741663       0.35278092908228553               59  -1.7000011133938639       0.36556877125501497               77  -1.5000001471570807       0.38059548785446218               95  -1.3000000189434595       0.39862564310949411     
   17819.592322744320               23  -1.9000090427231355       0.35278090051752287               59  -1.7000011760679361       0.36556876693365403               77  -1.5000001554323985       0.38059548717766789               95  -1.3000000200212054       0.39862564300257497     
   19019.592322744320               23  -1.9000095214473653       0.35278087192105512               59  -1.7000012382540164       0.36556876260772686               77  -1.5000001636427596       0.38059548650019359               95  -1.3000000210916831       0.39862564289544644     
   20219.592322744320               23  -1.9000099997034861       0.35278084354537587               59  -1.7000013003763732       0.36556875831548230               77  -1.5000001718443090       0.38059548582803704               95  -1.3000000221620618       0.39862564278904045     
   21419.592322744320               23  -1.9000104784813401       0.35278081519745275               59  -1.7000013625641661       0.36556875402763633               77  -1.5000001800541556       0.38059548515660202               95  -1.3000000232345257       0.39862564268264433     
   22619.592322744320               23  -1.9000118088474400       0.35278078681861458               59  -1.7000015355929801       0.36556874973527409               77  -1.5000002029228021       0.38059548448448766               95  -1.3000000261830138       0.39862564257604083     
   23819.592322744320               23  -1.9000679752103753       0.35278070796321370               59  -1.7000088460852794       0.36556873779237897               77  -1.5000011697451625       0.38059548261230336               95  -1.3000001498753464       0.39862564228295971     
   25019.592322744320               23  -1.9001242035494859       0.35277737885765792               59  -1.7000161635181108       0.36556823320485765               77  -1.5000021373727455       0.38059540346162979               95  -1.3000002737997152       0.39862562998788309     
