17

-1.50E+01	5.34068E-01	2.08104E-06
-1.30E+01	5.46293E-01	2.89778E-06
-1.10E+01	5.60885E-01	4.26286E-06
-9.00E+00	5.78870E-01	6.77165E-06
-7.00E+00	6.02088E-01	1.20693E-05
-5.00E+00	6.34341E-01	2.60621E-05
-3.00E+00	6.85580E-01	8.27837E-05
-2.00E+00	7.27690E-01	2.03622E-04
-1.00E+00	8.00113E-01	8.92781E-04
-8.00E-01	8.22702E-01	1.40304E-03
-5.00E-01	8.67329E-01	3.44830E-03
-4.00E-01	8.86531E-01	5.12897E-03
-3.00E-01	9.08894E-01	8.28259E-03
-2.00E-01	9.35301E-01	1.52178E-02
-1.00E-01	9.66599E-01	3.57829E-02
-1.00E-03	9.99816E-01	3.58392E-01
0.00E+00	1.00000E+00	1.00000E+00
-1.50E+01	5.34068E-01	2.08104E-06
-1.30E+01	5.46293E-01	2.89778E-06
-1.10E+01	5.60885E-01	4.26286E-06
-9.00E+00	5.78870E-01	6.77165E-06
-7.00E+00	6.02088E-01	1.20693E-05
-5.00E+00	6.34341E-01	2.60621E-05
-3.00E+00	6.85580E-01	8.27837E-05
-2.00E+00	7.27690E-01	2.03622E-04
-1.00E+00	8.00113E-01	8.92781E-04
-8.00E-01	8.22702E-01	1.40304E-03
-5.00E-01	8.67329E-01	3.44830E-03
-4.00E-01	8.86531E-01	5.12897E-03
-3.00E-01	9.08894E-01	8.28259E-03
-2.00E-01	9.35301E-01	1.52178E-02
-1.00E-01	9.66599E-01	3.57829E-02
-1.00E-03	9.99816E-01	3.58392E-01
0.00E+00	1.00000E+00	1.00000E+00
-1.50E+01	5.34068E-01	2.08104E-06
-1.30E+01	5.46293E-01	2.89778E-06
-1.10E+01	5.60885E-01	4.26286E-06
-9.00E+00	5.78870E-01	6.77165E-06
-7.00E+00	6.02088E-01	1.20693E-05
-5.00E+00	6.34341E-01	2.60621E-05
-3.00E+00	6.85580E-01	8.27837E-05
-2.00E+00	7.27690E-01	2.03622E-04
-1.00E+00	8.00113E-01	8.92781E-04
-8.00E-01	8.22702E-01	1.40304E-03
-5.00E-01	8.67329E-01	3.44830E-03
-4.00E-01	8.86531E-01	5.12897E-03
-3.00E-01	9.08894E-01	8.28259E-03
-2.00E-01	9.35301E-01	1.52178E-02
-1.00E-01	9.66599E-01	3.57829E-02
-1.00E-03	9.99816E-01	3.58392E-01
0.00E+00	1.00000E+00	1.00000E+00
-1.50E+01	5.34068E-01	2.08104E-06
-1.30E+01	5.46293E-01	2.89778E-06
-1.10E+01	5.60885E-01	4.26286E-06
-9.00E+00	5.78870E-01	6.77165E-06
-7.00E+00	6.02088E-01	1.20693E-05
-5.00E+00	6.34341E-01	2.60621E-05
-3.00E+00	6.85580E-01	8.27837E-05
-2.00E+00	7.27690E-01	2.03622E-04
-1.00E+00	8.00113E-01	8.92781E-04
-8.00E-01	8.22702E-01	1.40304E-03
-5.00E-01	8.67329E-01	3.44830E-03
-4.00E-01	8.86531E-01	5.12897E-03
-3.00E-01	9.08894E-01	8.28259E-03
-2.00E-01	9.35301E-01	1.52178E-02
-1.00E-01	9.66599E-01	3.57829E-02
-1.00E-03	9.99816E-01	3.58392E-01
0.00E+00	1.00000E+00	1.00000E+00

-1.50E+01	3.83099E-01	3.91254E-06
-1.30E+01	3.97466E-01	5.59930E-06
-1.10E+01	4.14881E-01	8.50392E-06
-9.00E+00	4.36738E-01	1.40343E-05
-7.00E+00	4.65584E-01	2.62304E-05
-5.00E+00	5.06797E-01	6.03085E-05
-3.00E+00	5.74856E-01	2.09998E-04
-2.00E+00	6.32920E-01	5.52668E-04
-1.00E+00	7.36097E-01	2.66267E-03
-8.00E-01	7.68726E-01	4.27537E-03
-5.00E-01	8.32901E-01	1.07830E-02
-4.00E-01	8.60068E-01	1.60711E-02
-3.00E-01	8.91050E-01	2.57647E-02
-2.00E-01	9.26279E-01	4.60705E-02
-1.00E-01	9.65139E-01	1.00265E-01
-1.00E-03	9.99883E-01	6.18121E-01
0.00E+00	1.00000E+00	1.00000E+00
-1.50E+01	3.83099E-01	3.91254E-06
-1.30E+01	3.97466E-01	5.59930E-06
-1.10E+01	4.14881E-01	8.50392E-06
-9.00E+00	4.36738E-01	1.40343E-05
-7.00E+00	4.65584E-01	2.62304E-05
-5.00E+00	5.06797E-01	6.03085E-05
-3.00E+00	5.74856E-01	2.09998E-04
-2.00E+00	6.32920E-01	5.52668E-04
-1.00E+00	7.36097E-01	2.66267E-03
-8.00E-01	7.68726E-01	4.27537E-03
-5.00E-01	8.32901E-01	1.07830E-02
-4.00E-01	8.60068E-01	1.60711E-02
-3.00E-01	8.91050E-01	2.57647E-02
-2.00E-01	9.26279E-01	4.60705E-02
-1.00E-01	9.65139E-01	1.00265E-01
-1.00E-03	9.99883E-01	6.18121E-01
0.00E+00	1.00000E+00	1.00000E+00

-1.50E+01	9.04949E-02	2.23648E-06
-1.30E+01	1.00561E-01	3.67545E-06
-1.10E+01	1.13720E-01	6.56065E-06
-9.00E+00	1.31784E-01	1.31460E-05
-7.00E+00	1.58405E-01	3.13242E-05
-5.00E+00	2.02294E-01	9.95776E-05
-3.00E+00	2.91123E-01	5.62423E-04
-2.00E+00	3.83944E-01	2.13262E-03
-1.00E+00	5.83901E-01	1.72817E-02
-8.00E-01	6.52896E-01	3.12045E-02
-5.00E-01	7.86028E-01	8.99634E-02
-4.00E-01	8.37723E-01	1.35030E-01
-3.00E-01	8.90630E-01	2.08364E-01
-2.00E-01	9.40695E-01	3.30317E-01
-1.00E-01	9.80943E-01	5.39474E-01
-1.00E-03	9.99993E-01	9.82156E-01
0.00E+00	1.00000E+00	1.00000E+00
-1.50E+01	9.04949E-02	2.23648E-06
-1.30E+01	1.00561E-01	3.67545E-06
-1.10E+01	1.13720E-01	6.56065E-06
-9.00E+00	1.31784E-01	1.31460E-05
-7.00E+00	1.58405E-01	3.13242E-05
-5.00E+00	2.02294E-01	9.95776E-05
-3.00E+00	2.91123E-01	5.62423E-04
-2.00E+00	3.83944E-01	2.13262E-03
-1.00E+00	5.83901E-01	1.72817E-02
-8.00E-01	6.52896E-01	3.12045E-02
-5.00E-01	7.86028E-01	8.99634E-02
-4.00E-01	8.37723E-01	1.35030E-01
-3.00E-01	8.90630E-01	2.08364E-01
-2.00E-01	9.40695E-01	3.30317E-01
-1.00E-01	9.80943E-01	5.39474E-01
-1.00E-03	9.99993E-01	9.82156E-01
0.00E+00	1.00000E+00	1.00000E+00
-1.50E+01	9.04949E-02	2.23648E-06
-1.30E+01	1.00561E-01	3.67545E-06
-1.10E+01	1.13720E-01	6.56065E-06
-9.00E+00	1.31784E-01	1.31460E-05
-7.00E+00	1.58405E-01	3.13242E-05
-5.00E+00	2.02294E-01	9.95776E-05
-3.00E+00	2.91123E-01	5.62423E-04
-2.00E+00	3.83944E-01	2.13262E-03
-1.00E+00	5.83901E-01	1.72817E-02
-8.00E-01	6.52896E-01	3.12045E-02
-5.00E-01	7.86028E-01	8.99634E-02
-4.00E-01	8.37723E-01	1.35030E-01
-3.00E-01	8.90630E-01	2.08364E-01
-2.00E-01	9.40695E-01	3.30317E-01
-1.00E-01	9.80943E-01	5.39474E-01
-1.00E-03	9.99993E-01	9.82156E-01
0.00E+00	1.00000E+00	1.00000E+00

-1.50E+01	9.31402E-03	5.02436E-08
-1.30E+01	1.14771E-02	1.01585E-07
-1.10E+01	1.46449E-02	2.31047E-07
-9.00E+00	1.96242E-02	6.19801E-07
-7.00E+00	2.83041E-02	2.13118E-06
-5.00E+00	4.61721E-02	1.11070E-05
-3.00E+00	9.65305E-02	1.34187E-04
-2.00E+00	1.71125E-01	9.36706E-04
-1.00E+00	4.16362E-01	2.03390E-02
-8.00E-01	5.26175E-01	4.74088E-02
-5.00E-01	7.52752E-01	1.90560E-01
-4.00E-01	8.35208E-01	3.01006E-01
-3.00E-01	9.08874E-01	4.58716E-01
-2.00E-01	9.63624E-01	6.57257E-01
-1.00E-01	9.93115E-01	8.63213E-01
-1.00E-03	1.00000E+00	9.99828E-01
0.00E+00	1.00000E+00	1.00000E+00
-1.50E+01	9.31402E-03	5.02436E-08
-1.30E+01	1.14771E-02	1.01585E-07
-1.10E+01	1.46449E-02	2.31047E-07
-9.00E+00	1.96242E-02	6.19801E-07
-7.00E+00	2.83041E-02	2.13118E-06
-5.00E+00	4.61721E-02	1.11070E-05
-3.00E+00	9.65305E-02	1.34187E-04
-2.00E+00	1.71125E-01	9.36706E-04
-1.00E+00	4.16362E-01	2.03390E-02
-8.00E-01	5.26175E-01	4.74088E-02
-5.00E-01	7.52752E-01	1.90560E-01
-4.00E-01	8.35208E-01	3.01006E-01
-3.00E-01	9.08874E-01	4.58716E-01
-2.00E-01	9.63624E-01	6.57257E-01
-1.00E-01	9.93115E-01	8.63213E-01
-1.00E-03	1.00000E+00	9.99828E-01
0.00E+00	1.00000E+00	1.00000E+00
-1.50E+01	9.31402E-03	5.02436E-08
-1.30E+01	1.14771E-02	1.01585E-07
-1.10E+01	1.46449E-02	2.31047E-07
-9.00E+00	1.96242E-02	6.19801E-07
-7.00E+00	2.83041E-02	2.13118E-06
-5.00E+00	4.61721E-02	1.11070E-05
-3.00E+00	9.65305E-02	1.34187E-04
-2.00E+00	1.71125E-01	9.36706E-04
-1.00E+00	4.16362E-01	2.03390E-02
-8.00E-01	5.26175E-01	4.74088E-02
-5.00E-01	7.52752E-01	1.90560E-01
-4.00E-01	8.35208E-01	3.01006E-01
-3.00E-01	9.08874E-01	4.58716E-01
-2.00E-01	9.63624E-01	6.57257E-01
-1.00E-01	9.93115E-01	8.63213E-01
-1.00E-03	1.00000E+00	9.99828E-01
0.00E+00	1.00000E+00	1.00000E+00
-1.50E+01	9.31402E-03	5.02436E-08
-1.30E+01	1.14771E-02	1.01585E-07
-1.10E+01	1.46449E-02	2.31047E-07
-9.00E+00	1.96242E-02	6.19801E-07
-7.00E+00	2.83041E-02	2.13118E-06
-5.00E+00	4.61721E-02	1.11070E-05
-3.00E+00	9.65305E-02	1.34187E-04
-2.00E+00	1.71125E-01	9.36706E-04
-1.00E+00	4.16362E-01	2.03390E-02
-8.00E-01	5.26175E-01	4.74088E-02
-5.00E-01	7.52752E-01	1.90560E-01
-4.00E-01	8.35208E-01	3.01006E-01
-3.00E-01	9.08874E-01	4.58716E-01
-2.00E-01	9.63624E-01	6.57257E-01
-1.00E-01	9.93115E-01	8.63213E-01
-1.00E-03	1.00000E+00	9.99828E-01
0.00E+00	1.00000E+00	1.00000E+00
-1.50E+01	9.31402E-03	5.02436E-08
-1.30E+01	1.14771E-02	1.01585E-07
-1.10E+01	1.46449E-02	2.31047E-07
-9.00E+00	1.96242E-02	6.19801E-07
-7.00E+00	2.83041E-02	2.13118E-06
-5.00E+00	4.61721E-02	1.11070E-05
-3.00E+00	9.65305E-02	1.34187E-04
-2.00E+00	1.71125E-01	9.36706E-04
-1.00E+00	4.16362E-01	2.03390E-02
-8.00E-01	5.26175E-01	4.74088E-02
-5.00E-01	7.52752E-01	1.90560E-01
-4.00E-01	8.35208E-01	3.01006E-01
-3.00E-01	9.08874E-01	4.58716E-01
-2.00E-01	9.63624E-01	6.57257E-01
-1.00E-01	9.93115E-01	8.63213E-01
-1.00E-03	1.00000E+00	9.99828E-01
0.00E+00	1.00000E+00	1.00000E+00
-1.50E+01	9.31402E-03	5.02436E-08
-1.30E+01	1.14771E-02	1.01585E-07
-1.10E+01	1.46449E-02	2.31047E-07
-9.00E+00	1.96242E-02	6.19801E-07
-7.00E+00	2.83041E-02	2.13118E-06
-5.00E+00	4.61721E-02	1.11070E-05
-3.00E+00	9.65305E-02	1.34187E-04
-2.00E+00	1.71125E-01	9.36706E-04
-1.00E+00	4.16362E-01	2.03390E-02
-8.00E-01	5.26175E-01	4.74088E-02
-5.00E-01	7.52752E-01	1.90560E-01
-4.00E-01	8.35208E-01	3.01006E-01
-3.00E-01	9.08874E-01	4.58716E-01
-2.00E-01	9.63624E-01	6.57257E-01
-1.00E-01	9.93115E-01	8.63213E-01
-1.00E-03	1.00000E+00	9.99828E-01
0.00E+00	1.00000E+00	1.00000E+00
-1.50E+01	9.31402E-03	5.02436E-08
-1.30E+01	1.14771E-02	1.01585E-07
-1.10E+01	1.46449E-02	2.31047E-07
-9.00E+00	1.96242E-02	6.19801E-07
-7.00E+00	2.83041E-02	2.13118E-06
-5.00E+00	4.61721E-02	1.11070E-05
-3.00E+00	9.65305E-02	1.34187E-04
-2.00E+00	1.71125E-01	9.36706E-04
-1.00E+00	4.16362E-01	2.03390E-02
-8.00E-01	5.26175E-01	4.74088E-02
-5.00E-01	7.52752E-01	1.90560E-01
-4.00E-01	8.35208E-01	3.01006E-01
-3.00E-01	9.08874E-01	4.58716E-01
-2.00E-01	9.63624E-01	6.57257E-01
-1.00E-01	9.93115E-01	8.63213E-01
-1.00E-03	1.00000E+00	9.99828E-01
0.00E+00	1.00000E+00	1.00000E+00
-1.50E+01	9.31402E-03	5.02436E-08
-1.30E+01	1.14771E-02	1.01585E-07
-1.10E+01	1.46449E-02	2.31047E-07
-9.00E+00	1.96242E-02	6.19801E-07
-7.00E+00	2.83041E-02	2.13118E-06
-5.00E+00	4.61721E-02	1.11070E-05
-3.00E+00	9.65305E-02	1.34187E-04
-2.00E+00	1.71125E-01	9.36706E-04
-1.00E+00	4.16362E-01	2.03390E-02
-8.00E-01	5.26175E-01	4.74088E-02
-5.00E-01	7.52752E-01	1.90560E-01
-4.00E-01	8.35208E-01	3.01006E-01
-3.00E-01	9.08874E-01	4.58716E-01
-2.00E-01	9.63624E-01	6.57257E-01
-1.00E-01	9.93115E-01	8.63213E-01
-1.00E-03	1.00000E+00	9.99828E-01
0.00E+00	1.00000E+00	1.00000E+00
-1.50E+01	9.31402E-03	5.02436E-08
-1.30E+01	1.14771E-02	1.01585E-07
-1.10E+01	1.46449E-02	2.31047E-07
-9.00E+00	1.96242E-02	6.19801E-07
-7.00E+00	2.83041E-02	2.13118E-06
-5.00E+00	4.61721E-02	1.11070E-05
-3.00E+00	9.65305E-02	1.34187E-04
-2.00E+00	1.71125E-01	9.36706E-04
-1.00E+00	4.16362E-01	2.03390E-02
-8.00E-01	5.26175E-01	4.74088E-02
-5.00E-01	7.52752E-01	1.90560E-01
-4.00E-01	8.35208E-01	3.01006E-01
-3.00E-01	9.08874E-01	4.58716E-01
-2.00E-01	9.63624E-01	6.57257E-01
-1.00E-01	9.93115E-01	8.63213E-01
-1.00E-03	1.00000E+00	9.99828E-01
0.00E+00	1.00000E+00	1.00000E+00
-1.50E+01	9.31402E-03	5.02436E-08
-1.30E+01	1.14771E-02	1.01585E-07
-1.10E+01	1.46449E-02	2.31047E-07
-9.00E+00	1.96242E-02	6.19801E-07
-7.00E+00	2.83041E-02	2.13118E-06
-5.00E+00	4.61721E-02	1.11070E-05
-3.00E+00	9.65305E-02	1.34187E-04
-2.00E+00	1.71125E-01	9.36706E-04
-1.00E+00	4.16362E-01	2.03390E-02
-8.00E-01	5.26175E-01	4.74088E-02
-5.00E-01	7.52752E-01	1.90560E-01
-4.00E-01	8.35208E-01	3.01006E-01
-3.00E-01	9.08874E-01	4.58716E-01
-2.00E-01	9.63624E-01	6.57257E-01
-1.00E-01	9.93115E-01	8.63213E-01
-1.00E-03	1.00000E+00	9.99828E-01
0.00E+00	1.00000E+00	1.00000E+00

