   0.0000000     TIME
 0         160
           1
           2
           3
           4
           6
           7
           8
           9
          10
          11
          12
          13
          15
          16
          17
          18
          19
          20
          21
          22
          24
          25
          26
          27
          28
          29
          30
          31
          33
          34
          35
          36
          37
          38
          39
          40
          42
          43
          44
          45
          46
          47
          48
          49
          51
          52
          53
          54
          55
          56
          57
          58
          60
          61
          62
          63
          64
          65
          66
          67
          69
          70
          71
          72
          73
          74
          75
          76
          78
          79
          80
          81
          82
          83
          84
          85
          87
          88
          89
          90
          91
          92
          93
          94
          96
          97
          98
          99
         100
         101
         102
         103
         105
         106
         107
         108
         109
         110
         111
         112
         114
         115
         116
         117
         118
         119
         120
         121
         123
         124
         125
         126
         127
         128
         129
         130
         132
         133
         134
         135
         136
         137
         138
         139
         141
         142
         143
         144
         145
         146
         147
         148
         150
         151
         152
         153
         154
         155
         156
         157
         159
         160
         161
         162
         163
         164
         165
         166
         168
         169
         170
         171
         172
         173
         174
         175
         177
         178
         179
         180
  -2.0000000000000000     
  -2.0000000000000000     
  -2.0000000000000000     
  -2.0000000000000000     
  -2.0000000000000000     
  -2.0000000000000000     
  -2.0000000000000000     
  -2.0000000000000000     
  -1.9500000000000000     
  -1.9500000000000000     
  -1.9500000000000000     
  -1.9500000000000000     
  -1.9500000000000000     
  -1.9500000000000000     
  -1.9500000000000000     
  -1.9500000000000000     
  -1.8999999999999999     
  -1.8999999999999999     
  -1.8999999999999999     
  -1.8999999999999999     
  -1.8999999999999999     
  -1.8999999999999999     
  -1.8999999999999999     
  -1.8999999999999999     
  -1.8500000000000001     
  -1.8500000000000001     
  -1.8500000000000001     
  -1.8500000000000001     
  -1.8500000000000001     
  -1.8500000000000001     
  -1.8500000000000001     
  -1.8500000000000001     
  -1.8000000000000000     
  -1.8000000000000000     
  -1.8000000000000000     
  -1.8000000000000000     
  -1.8000000000000000     
  -1.8000000000000000     
  -1.8000000000000000     
  -1.8000000000000000     
  -1.7500000000000000     
  -1.7500000000000000     
  -1.7500000000000000     
  -1.7500000000000000     
  -1.7500000000000000     
  -1.7500000000000000     
  -1.7500000000000000     
  -1.7500000000000000     
  -1.7000000000000000     
  -1.7000000000000000     
  -1.7000000000000000     
  -1.7000000000000000     
  -1.7000000000000000     
  -1.7000000000000000     
  -1.7000000000000000     
  -1.7000000000000000     
  -1.6000000000000001     
  -1.6000000000000001     
  -1.6000000000000001     
  -1.6000000000000001     
  -1.6000000000000001     
  -1.6000000000000001     
  -1.6000000000000001     
  -1.6000000000000001     
  -1.5000000000000000     
  -1.5000000000000000     
  -1.5000000000000000     
  -1.5000000000000000     
  -1.5000000000000000     
  -1.5000000000000000     
  -1.5000000000000000     
  -1.5000000000000000     
  -1.3999999999999999     
  -1.3999999999999999     
  -1.3999999999999999     
  -1.3999999999999999     
  -1.3999999999999999     
  -1.3999999999999999     
  -1.3999999999999999     
  -1.3999999999999999     
  -1.3000000000000000     
  -1.3000000000000000     
  -1.3000000000000000     
  -1.3000000000000000     
  -1.3000000000000000     
  -1.3000000000000000     
  -1.3000000000000000     
  -1.3000000000000000     
  -1.2000000000000000     
  -1.2000000000000000     
  -1.2000000000000000     
  -1.2000000000000000     
  -1.2000000000000000     
  -1.2000000000000000     
  -1.2000000000000000     
  -1.2000000000000000     
  -1.1000000000000001     
  -1.1000000000000001     
  -1.1000000000000001     
  -1.1000000000000001     
  -1.1000000000000001     
  -1.1000000000000001     
  -1.1000000000000001     
  -1.1000000000000001     
  -1.0000000000000000     
  -1.0000000000000000     
  -1.0000000000000000     
  -1.0000000000000000     
  -1.0000000000000000     
  -1.0000000000000000     
  -1.0000000000000000     
  -1.0000000000000000     
 -0.50000000000000000     
 -0.50000000000000000     
 -0.50000000000000000     
 -0.50000000000000000     
 -0.50000000000000000     
 -0.50000000000000000     
 -0.50000000000000000     
 -0.50000000000000000     
   0.0000000000000000     
   0.0000000000000000     
   0.0000000000000000     
   0.0000000000000000     
   0.0000000000000000     
   0.0000000000000000     
   0.0000000000000000     
   0.0000000000000000     
  0.50000000000000000     
  0.50000000000000000     
  0.50000000000000000     
  0.50000000000000000     
  0.50000000000000000     
  0.50000000000000000     
  0.50000000000000000     
  0.50000000000000000     
   1.0000000000000000     
   1.0000000000000000     
   1.0000000000000000     
   1.0000000000000000     
   1.0000000000000000     
   1.0000000000000000     
   1.0000000000000000     
   1.0000000000000000     
   2.0000000000000000     
   2.0000000000000000     
   2.0000000000000000     
   2.0000000000000000     
   2.0000000000000000     
   2.0000000000000000     
   2.0000000000000000     
   2.0000000000000000     
   3.0000000000000000     
   3.0000000000000000     
   3.0000000000000000     
   3.0000000000000000     
   3.0000000000000000     
   3.0000000000000000     
   3.0000000000000000     
   3.0000000000000000     
  2.00000004E+20 TIME
 0         160
           1
           2
           3
           4
           6
           7
           8
           9
          10
          11
          12
          13
          15
          16
          17
          18
          19
          20
          21
          22
          24
          25
          26
          27
          28
          29
          30
          31
          33
          34
          35
          36
          37
          38
          39
          40
          42
          43
          44
          45
          46
          47
          48
          49
          51
          52
          53
          54
          55
          56
          57
          58
          60
          61
          62
          63
          64
          65
          66
          67
          69
          70
          71
          72
          73
          74
          75
          76
          78
          79
          80
          81
          82
          83
          84
          85
          87
          88
          89
          90
          91
          92
          93
          94
          96
          97
          98
          99
         100
         101
         102
         103
         105
         106
         107
         108
         109
         110
         111
         112
         114
         115
         116
         117
         118
         119
         120
         121
         123
         124
         125
         126
         127
         128
         129
         130
         132
         133
         134
         135
         136
         137
         138
         139
         141
         142
         143
         144
         145
         146
         147
         148
         150
         151
         152
         153
         154
         155
         156
         157
         159
         160
         161
         162
         163
         164
         165
         166
         168
         169
         170
         171
         172
         173
         174
         175
         177
         178
         179
         180
  -2.0000000000000000     
  -2.0000000000000000     
  -2.0000000000000000     
  -2.0000000000000000     
  -2.0000000000000000     
  -2.0000000000000000     
  -2.0000000000000000     
  -2.0000000000000000     
  -1.9500000000000000     
  -1.9500000000000000     
  -1.9500000000000000     
  -1.9500000000000000     
  -1.9500000000000000     
  -1.9500000000000000     
  -1.9500000000000000     
  -1.9500000000000000     
  -1.8999999999999999     
  -1.8999999999999999     
  -1.8999999999999999     
  -1.8999999999999999     
  -1.8999999999999999     
  -1.8999999999999999     
  -1.8999999999999999     
  -1.8999999999999999     
  -1.8500000000000001     
  -1.8500000000000001     
  -1.8500000000000001     
  -1.8500000000000001     
  -1.8500000000000001     
  -1.8500000000000001     
  -1.8500000000000001     
  -1.8500000000000001     
  -1.8000000000000000     
  -1.8000000000000000     
  -1.8000000000000000     
  -1.8000000000000000     
  -1.8000000000000000     
  -1.8000000000000000     
  -1.8000000000000000     
  -1.8000000000000000     
  -1.7500000000000000     
  -1.7500000000000000     
  -1.7500000000000000     
  -1.7500000000000000     
  -1.7500000000000000     
  -1.7500000000000000     
  -1.7500000000000000     
  -1.7500000000000000     
  -1.7000000000000000     
  -1.7000000000000000     
  -1.7000000000000000     
  -1.7000000000000000     
  -1.7000000000000000     
  -1.7000000000000000     
  -1.7000000000000000     
  -1.7000000000000000     
  -1.6000000000000001     
  -1.6000000000000001     
  -1.6000000000000001     
  -1.6000000000000001     
  -1.6000000000000001     
  -1.6000000000000001     
  -1.6000000000000001     
  -1.6000000000000001     
  -1.5000000000000000     
  -1.5000000000000000     
  -1.5000000000000000     
  -1.5000000000000000     
  -1.5000000000000000     
  -1.5000000000000000     
  -1.5000000000000000     
  -1.5000000000000000     
  -1.3999999999999999     
  -1.3999999999999999     
  -1.3999999999999999     
  -1.3999999999999999     
  -1.3999999999999999     
  -1.3999999999999999     
  -1.3999999999999999     
  -1.3999999999999999     
  -1.3000000000000000     
  -1.3000000000000000     
  -1.3000000000000000     
  -1.3000000000000000     
  -1.3000000000000000     
  -1.3000000000000000     
  -1.3000000000000000     
  -1.3000000000000000     
  -1.2000000000000000     
  -1.2000000000000000     
  -1.2000000000000000     
  -1.2000000000000000     
  -1.2000000000000000     
  -1.2000000000000000     
  -1.2000000000000000     
  -1.2000000000000000     
  -1.1000000000000001     
  -1.1000000000000001     
  -1.1000000000000001     
  -1.1000000000000001     
  -1.1000000000000001     
  -1.1000000000000001     
  -1.1000000000000001     
  -1.1000000000000001     
  -1.0000000000000000     
  -1.0000000000000000     
  -1.0000000000000000     
  -1.0000000000000000     
  -1.0000000000000000     
  -1.0000000000000000     
  -1.0000000000000000     
  -1.0000000000000000     
 -0.50000000000000000     
 -0.50000000000000000     
 -0.50000000000000000     
 -0.50000000000000000     
 -0.50000000000000000     
 -0.50000000000000000     
 -0.50000000000000000     
 -0.50000000000000000     
   0.0000000000000000     
   0.0000000000000000     
   0.0000000000000000     
   0.0000000000000000     
   0.0000000000000000     
   0.0000000000000000     
   0.0000000000000000     
   0.0000000000000000     
  0.50000000000000000     
  0.50000000000000000     
  0.50000000000000000     
  0.50000000000000000     
  0.50000000000000000     
  0.50000000000000000     
  0.50000000000000000     
  0.50000000000000000     
   1.0000000000000000     
   1.0000000000000000     
   1.0000000000000000     
   1.0000000000000000     
   1.0000000000000000     
   1.0000000000000000     
   1.0000000000000000     
   1.0000000000000000     
   2.0000000000000000     
   2.0000000000000000     
   2.0000000000000000     
   2.0000000000000000     
   2.0000000000000000     
   2.0000000000000000     
   2.0000000000000000     
   2.0000000000000000     
   3.0000000000000000     
   3.0000000000000000     
   3.0000000000000000     
   3.0000000000000000     
   3.0000000000000000     
   3.0000000000000000     
   3.0000000000000000     
   3.0000000000000000     
