      0  0.00000000E+00     NSTEP   TIME
 SURFACE NODE =    25  X =   3.2000E+00  Y =   3.2000E+00
              Z  PRESSURE HEAD             SW           CKRW
   0.000000E+00  -2.011468E-01   3.890818E-01   2.183541E-03
  -1.000000E-01  -1.527131E-01   4.768456E-01   7.704390E-03
  -2.000000E-01  -1.443363E-01   4.969609E-01   9.848703E-03
  -3.000000E-01  -1.641444E-01   4.521014E-01   5.588184E-03
  -4.000000E-01  -2.842185E-01   3.053742E-01   4.059276E-04
  -5.000000E-01  -1.601810E+00   1.577713E-01   5.580057E-08
  -6.000000E-01  -2.399810E+00   1.502025E-01   6.826906E-09
  -7.000000E-01  -2.300000E+00   1.508268E-01   8.513799E-09
  -8.000000E-01  -2.200000E+00   1.515175E-01   1.072678E-08
  -9.000000E-01  -2.100000E+00   1.522835E-01   1.366090E-08
  -1.000000E+00  -2.000000E+00   1.531374E-01   1.760386E-08
  -1.100000E+00  -1.900000E+00   1.540944E-01   2.298157E-08
  -1.200000E+00  -1.800000E+00   1.551734E-01   3.043711E-08
  -1.300000E+00  -1.700000E+00   1.563981E-01   4.096308E-08
  -1.400000E+00  -1.600000E+00   1.577985E-01   5.612931E-08
  -1.500000E+00  -1.500000E+00   1.594132E-01   7.848737E-08
  -1.600000E+00  -1.400000E+00   1.612930E-01   1.123144E-07
  -1.800000E+00  -1.200000E+00   1.661408E-01   2.500675E-07
  -2.000000E+00  -1.000000E+00   1.732474E-01   6.440634E-07
  -2.200000E+00  -8.000000E-01   1.845071E-01   2.047220E-06
  -2.400000E+00  -6.000000E-01   2.045741E-01   9.055578E-06
  -2.600000E+00  -4.000000E-01   2.482243E-01   7.249146E-05
  -2.800000E+00  -2.000000E-01   3.907137E-01   2.243393E-03
  -3.000000E+00  -9.388874E-15   1.000000E+00   1.000000E+00
  -3.500000E+00   5.000000E-01   1.000000E+00   1.000000E+00
  -4.000000E+00   1.000000E+00   1.000000E+00   1.000000E+00
 SURFACE NODE =    90  X =   3.0000E+00  Y =   3.1000E+00
              Z  PRESSURE HEAD             SW           CKRW
   0.000000E+00  -1.718163E-01   4.370610E-01   4.543746E-03
  -1.000000E-01  -1.287959E-01   5.393751E-01   1.590905E-02
  -2.000000E-01  -1.125739E-01   5.917676E-01   2.715759E-02
  -3.000000E-01  -1.116113E-01   5.951624E-01   2.806380E-02
  -4.000000E-01  -1.654925E-01   4.493722E-01   5.386025E-03
  -5.000000E-01  -8.466237E-01   1.813414E-01   1.526712E-06
  -6.000000E-01  -2.394839E+00   1.502322E-01   6.900890E-09
  -7.000000E-01  -2.299999E+00   1.508268E-01   8.513818E-09
  -8.000000E-01  -2.200000E+00   1.515175E-01   1.072678E-08
  -9.000000E-01  -2.100000E+00   1.522835E-01   1.366090E-08
  -1.000000E+00  -2.000000E+00   1.531374E-01   1.760386E-08
  -1.100000E+00  -1.900000E+00   1.540944E-01   2.298157E-08
  -1.200000E+00  -1.800000E+00   1.551734E-01   3.043711E-08
  -1.300000E+00  -1.700000E+00   1.563981E-01   4.096308E-08
  -1.400000E+00  -1.600000E+00   1.577985E-01   5.612931E-08
  -1.500000E+00  -1.500000E+00   1.594132E-01   7.848737E-08
  -1.600000E+00  -1.400000E+00   1.612930E-01   1.123144E-07
  -1.800000E+00  -1.200000E+00   1.661408E-01   2.500675E-07
  -2.000000E+00  -1.000000E+00   1.732474E-01   6.440634E-07
  -2.200000E+00  -8.000000E-01   1.845071E-01   2.047220E-06
  -2.400000E+00  -6.000000E-01   2.045741E-01   9.055578E-06
  -2.600000E+00  -4.000000E-01   2.482243E-01   7.249146E-05
  -2.800000E+00  -2.000000E-01   3.907137E-01   2.243393E-03
  -3.000000E+00  -2.334189E-14   1.000000E+00   1.000000E+00
  -3.500000E+00   5.000000E-01   1.000000E+00   1.000000E+00
  -4.000000E+00   1.000000E+00   1.000000E+00   1.000000E+00
   3270  3.92400000E+05     NSTEP   TIME
 SURFACE NODE =    25  X =   3.2000E+00  Y =   3.2000E+00
              Z  PRESSURE HEAD             SW           CKRW
   0.000000E+00  -1.486272E-01   4.864345E-01   8.675084E-03
  -1.000000E-01  -1.276895E-01   5.426712E-01   1.648165E-02
  -2.000000E-01  -1.463816E-01   4.918836E-01   9.267993E-03
  -3.000000E-01  -1.503114E-01   4.824318E-01   8.258879E-03
  -4.000000E-01  -1.678591E-01   4.446715E-01   5.051234E-03
  -5.000000E-01  -2.780220E-01   3.098703E-01   4.529173E-04
  -6.000000E-01  -1.427177E+00   1.607524E-01   1.016404E-07
  -7.000000E-01  -2.299589E+00   1.508295E-01   8.521707E-09
  -8.000000E-01  -2.200000E+00   1.515175E-01   1.072677E-08
  -9.000000E-01  -2.100000E+00   1.522835E-01   1.366090E-08
  -1.000000E+00  -2.000000E+00   1.531374E-01   1.760386E-08
  -1.100000E+00  -1.900000E+00   1.540944E-01   2.298157E-08
  -1.200000E+00  -1.800000E+00   1.551734E-01   3.043711E-08
  -1.300000E+00  -1.700000E+00   1.563981E-01   4.096308E-08
  -1.400000E+00  -1.600000E+00   1.577985E-01   5.612931E-08
  -1.500000E+00  -1.500000E+00   1.594132E-01   7.848737E-08
  -1.600000E+00  -1.400000E+00   1.612930E-01   1.123144E-07
  -1.800000E+00  -1.200000E+00   1.661408E-01   2.500675E-07
  -2.000000E+00  -1.000000E+00   1.732474E-01   6.440634E-07
  -2.200000E+00  -8.000000E-01   1.845071E-01   2.047220E-06
  -2.400000E+00  -6.000000E-01   2.045741E-01   9.055578E-06
  -2.600000E+00  -4.000000E-01   2.482243E-01   7.249146E-05
  -2.800000E+00  -2.000000E-01   3.907137E-01   2.243393E-03
  -3.000000E+00  -4.911663E-15   1.000000E+00   1.000000E+00
  -3.500000E+00   5.000000E-01   1.000000E+00   1.000000E+00
  -4.000000E+00   1.000000E+00   1.000000E+00   1.000000E+00
 SURFACE NODE =    90  X =   3.0000E+00  Y =   3.1000E+00
              Z  PRESSURE HEAD             SW           CKRW
   0.000000E+00  -9.191811E-02   6.720450E-01   5.630908E-02
  -1.000000E-01  -7.875980E-02   7.310310E-01   9.163651E-02
  -2.000000E-01  -1.065723E-01   6.134803E-01   3.338955E-02
  -3.000000E-01  -1.224995E-01   5.586592E-01   1.949767E-02
  -4.000000E-01  -1.233653E-01   5.559307E-01   1.895392E-02
  -5.000000E-01  -1.713172E-01   4.380040E-01   4.604377E-03
  -6.000000E-01  -7.387870E-01   1.893558E-01   3.090916E-06
  -7.000000E-01  -2.291299E+00   1.508842E-01   8.683192E-09
  -8.000000E-01  -2.199999E+00   1.515175E-01   1.072681E-08
  -9.000000E-01  -2.100000E+00   1.522835E-01   1.366090E-08
  -1.000000E+00  -2.000000E+00   1.531374E-01   1.760386E-08
  -1.100000E+00  -1.900000E+00   1.540944E-01   2.298157E-08
  -1.200000E+00  -1.800000E+00   1.551734E-01   3.043711E-08
  -1.300000E+00  -1.700000E+00   1.563981E-01   4.096308E-08
  -1.400000E+00  -1.600000E+00   1.577985E-01   5.612931E-08
  -1.500000E+00  -1.500000E+00   1.594132E-01   7.848737E-08
  -1.600000E+00  -1.400000E+00   1.612930E-01   1.123144E-07
  -1.800000E+00  -1.200000E+00   1.661408E-01   2.500675E-07
  -2.000000E+00  -1.000000E+00   1.732474E-01   6.440634E-07
  -2.200000E+00  -8.000000E-01   1.845071E-01   2.047220E-06
  -2.400000E+00  -6.000000E-01   2.045741E-01   9.055578E-06
  -2.600000E+00  -4.000000E-01   2.482243E-01   7.249146E-05
  -2.800000E+00  -2.000000E-01   3.907137E-01   2.243393E-03
  -3.000000E+00  -1.892873E-14   1.000000E+00   1.000000E+00
  -3.500000E+00   5.000000E-01   1.000000E+00   1.000000E+00
  -4.000000E+00   1.000000E+00   1.000000E+00   1.000000E+00
   6870  8.24400000E+05     NSTEP   TIME
 SURFACE NODE =    25  X =   3.2000E+00  Y =   3.2000E+00
              Z  PRESSURE HEAD             SW           CKRW
   0.000000E+00  -1.484056E-01   4.869664E-01   8.731616E-03
  -1.000000E-01  -1.273878E-01   5.435766E-01   1.664180E-02
  -2.000000E-01  -1.453516E-01   4.944267E-01   9.555385E-03
  -3.000000E-01  -1.466659E-01   4.911865E-01   9.190420E-03
  -4.000000E-01  -1.471667E-01   4.899637E-01   9.055566E-03
  -5.000000E-01  -1.647339E-01   4.509034E-01   5.498727E-03
  -6.000000E-01  -2.629834E-01   3.216981E-01   5.963999E-04
  -7.000000E-01  -1.198372E+00   1.661878E-01   2.518358E-07
  -8.000000E-01  -2.198801E+00   1.515262E-01   1.075722E-08
  -9.000000E-01  -2.100000E+00   1.522835E-01   1.366088E-08
  -1.000000E+00  -2.000000E+00   1.531374E-01   1.760386E-08
  -1.100000E+00  -1.900000E+00   1.540944E-01   2.298157E-08
  -1.200000E+00  -1.800000E+00   1.551734E-01   3.043711E-08
  -1.300000E+00  -1.700000E+00   1.563981E-01   4.096308E-08
  -1.400000E+00  -1.600000E+00   1.577985E-01   5.612931E-08
  -1.500000E+00  -1.500000E+00   1.594132E-01   7.848737E-08
  -1.600000E+00  -1.400000E+00   1.612930E-01   1.123144E-07
  -1.800000E+00  -1.200000E+00   1.661408E-01   2.500675E-07
  -2.000000E+00  -1.000000E+00   1.732474E-01   6.440634E-07
  -2.200000E+00  -8.000000E-01   1.845071E-01   2.047220E-06
  -2.400000E+00  -6.000000E-01   2.045741E-01   9.055578E-06
  -2.600000E+00  -4.000000E-01   2.482243E-01   7.249146E-05
  -2.800000E+00  -2.000000E-01   3.907137E-01   2.243393E-03
  -3.000000E+00  -4.902405E-15   1.000000E+00   1.000000E+00
  -3.500000E+00   5.000000E-01   1.000000E+00   1.000000E+00
  -4.000000E+00   1.000000E+00   1.000000E+00   1.000000E+00
 SURFACE NODE =    90  X =   3.0000E+00  Y =   3.1000E+00
              Z  PRESSURE HEAD             SW           CKRW
   0.000000E+00  -9.192438E-02   6.720183E-01   5.629622E-02
  -1.000000E-01  -7.876308E-02   7.310156E-01   9.162527E-02
  -2.000000E-01  -1.064780E-01   6.138321E-01   3.349940E-02
  -3.000000E-01  -1.235047E-01   5.554938E-01   1.886800E-02
  -4.000000E-01  -1.228162E-01   5.576584E-01   1.929679E-02
  -5.000000E-01  -1.239443E-01   5.541199E-01   1.859983E-02
  -6.000000E-01  -1.677644E-01   4.448574E-01   5.064159E-03
  -7.000000E-01  -6.031848E-01   2.041359E-01   8.811678E-06
  -8.000000E-01  -2.181506E+00   1.516531E-01   1.120794E-08
  -9.000000E-01  -2.099997E+00   1.522835E-01   1.366100E-08
  -1.000000E+00  -2.000000E+00   1.531374E-01   1.760386E-08
  -1.100000E+00  -1.900000E+00   1.540944E-01   2.298157E-08
  -1.200000E+00  -1.800000E+00   1.551734E-01   3.043711E-08
  -1.300000E+00  -1.700000E+00   1.563981E-01   4.096308E-08
  -1.400000E+00  -1.600000E+00   1.577985E-01   5.612931E-08
  -1.500000E+00  -1.500000E+00   1.594132E-01   7.848737E-08
  -1.600000E+00  -1.400000E+00   1.612930E-01   1.123144E-07
  -1.800000E+00  -1.200000E+00   1.661408E-01   2.500675E-07
  -2.000000E+00  -1.000000E+00   1.732474E-01   6.440634E-07
  -2.200000E+00  -8.000000E-01   1.845071E-01   2.047220E-06
  -2.400000E+00  -6.000000E-01   2.045741E-01   9.055578E-06
  -2.600000E+00  -4.000000E-01   2.482243E-01   7.249146E-05
  -2.800000E+00  -2.000000E-01   3.907137E-01   2.243393E-03
  -3.000000E+00  -1.893766E-14   1.000000E+00   1.000000E+00
  -3.500000E+00   5.000000E-01   1.000000E+00   1.000000E+00
  -4.000000E+00   1.000000E+00   1.000000E+00   1.000000E+00
  10470  1.25640000E+06     NSTEP   TIME
 SURFACE NODE =    25  X =   3.2000E+00  Y =   3.2000E+00
              Z  PRESSURE HEAD             SW           CKRW
   0.000000E+00  -1.483386E-01   4.871275E-01   8.748785E-03
  -1.000000E-01  -1.272757E-01   5.439139E-01   1.670176E-02
  -2.000000E-01  -1.450144E-01   4.952654E-01   9.651684E-03
  -3.000000E-01  -1.459258E-01   4.930055E-01   9.393932E-03
  -4.000000E-01  -1.446873E-01   4.960816E-01   9.746141E-03
  -5.000000E-01  -1.476709E-01   4.887391E-01   8.922088E-03
  -6.000000E-01  -1.652936E-01   4.497726E-01   5.415321E-03
  -7.000000E-01  -2.582576E-01   3.257083E-01   6.521514E-04
  -8.000000E-01  -1.108667E+00   1.690254E-01   3.771367E-07
  -9.000000E-01  -2.098259E+00   1.522976E-01   1.371992E-08
  -1.000000E+00  -2.000001E+00   1.531374E-01   1.760384E-08
  -1.100000E+00  -1.900000E+00   1.540944E-01   2.298157E-08
  -1.200000E+00  -1.800000E+00   1.551734E-01   3.043711E-08
  -1.300000E+00  -1.700000E+00   1.563981E-01   4.096308E-08
  -1.400000E+00  -1.600000E+00   1.577985E-01   5.612931E-08
  -1.500000E+00  -1.500000E+00   1.594132E-01   7.848737E-08
  -1.600000E+00  -1.400000E+00   1.612930E-01   1.123144E-07
  -1.800000E+00  -1.200000E+00   1.661408E-01   2.500675E-07
  -2.000000E+00  -1.000000E+00   1.732474E-01   6.440634E-07
  -2.200000E+00  -8.000000E-01   1.845071E-01   2.047220E-06
  -2.400000E+00  -6.000000E-01   2.045741E-01   9.055578E-06
  -2.600000E+00  -4.000000E-01   2.482243E-01   7.249146E-05
  -2.800000E+00  -2.000000E-01   3.907137E-01   2.243393E-03
  -3.000000E+00  -4.969784E-15   1.000000E+00   1.000000E+00
  -3.500000E+00   5.000000E-01   1.000000E+00   1.000000E+00
  -4.000000E+00   1.000000E+00   1.000000E+00   1.000000E+00
 SURFACE NODE =    90  X =   3.0000E+00  Y =   3.1000E+00
              Z  PRESSURE HEAD             SW           CKRW
   0.000000E+00  -9.192622E-02   6.720105E-01   5.629244E-02
  -1.000000E-01  -7.876570E-02   7.310033E-01   9.161629E-02
  -2.000000E-01  -1.064720E-01   6.138544E-01   3.350637E-02
  -3.000000E-01  -1.234474E-01   5.556733E-01   1.890327E-02
  -4.000000E-01  -1.236874E-01   5.549219E-01   1.875600E-02
  -5.000000E-01  -1.239719E-01   5.540339E-01   1.858314E-02
  -6.000000E-01  -1.273613E-01   5.436564E-01   1.665597E-02
  -7.000000E-01  -1.703900E-01   4.397688E-01   4.719536E-03
  -8.000000E-01  -5.642535E-01   2.098752E-01   1.242831E-05
  -9.000000E-01  -2.076515E+00   1.524756E-01   1.448320E-08
  -1.000000E+00  -1.999995E+00   1.531375E-01   1.760408E-08
  -1.100000E+00  -1.900000E+00   1.540944E-01   2.298157E-08
  -1.200000E+00  -1.800000E+00   1.551734E-01   3.043711E-08
  -1.300000E+00  -1.700000E+00   1.563981E-01   4.096308E-08
  -1.400000E+00  -1.600000E+00   1.577985E-01   5.612931E-08
  -1.500000E+00  -1.500000E+00   1.594132E-01   7.848737E-08
  -1.600000E+00  -1.400000E+00   1.612930E-01   1.123144E-07
  -1.800000E+00  -1.200000E+00   1.661408E-01   2.500675E-07
  -2.000000E+00  -1.000000E+00   1.732474E-01   6.440634E-07
  -2.200000E+00  -8.000000E-01   1.845071E-01   2.047220E-06
  -2.400000E+00  -6.000000E-01   2.045741E-01   9.055578E-06
  -2.600000E+00  -4.000000E-01   2.482243E-01   7.249146E-05
  -2.800000E+00  -2.000000E-01   3.907137E-01   2.243393E-03
  -3.000000E+00  -1.898434E-14   1.000000E+00   1.000000E+00
  -3.500000E+00   5.000000E-01   1.000000E+00   1.000000E+00
  -4.000000E+00   1.000000E+00   1.000000E+00   1.000000E+00
  14070  1.68840000E+06     NSTEP   TIME
 SURFACE NODE =    25  X =   3.2000E+00  Y =   3.2000E+00
              Z  PRESSURE HEAD             SW           CKRW
   0.000000E+00  -3.089073E-01   2.893329E-01   2.677895E-04
  -1.000000E-01  -2.495135E-01   3.335378E-01   7.723876E-04
  -2.000000E-01  -2.230876E-01   3.609575E-01   1.331360E-03
  -3.000000E-01  -2.067341E-01   3.813765E-01   1.917337E-03
  -4.000000E-01  -1.955681E-01   3.971889E-01   2.493447E-03
  -5.000000E-01  -1.879124E-01   4.090411E-01   3.006330E-03
  -6.000000E-01  -1.849901E-01   4.138022E-01   3.233851E-03
  -7.000000E-01  -2.036252E-01   3.856144E-01   2.060450E-03
  -8.000000E-01  -3.193226E-01   2.833500E-01   2.267346E-04
  -9.000000E-01  -1.357883E+00   1.621795E-01   1.316227E-07
  -1.000000E+00  -1.999405E+00   1.531428E-01   1.763110E-08
  -1.100000E+00  -1.900000E+00   1.540944E-01   2.298155E-08
  -1.200000E+00  -1.800000E+00   1.551734E-01   3.043711E-08
  -1.300000E+00  -1.700000E+00   1.563981E-01   4.096308E-08
  -1.400000E+00  -1.600000E+00   1.577985E-01   5.612931E-08
  -1.500000E+00  -1.500000E+00   1.594132E-01   7.848737E-08
  -1.600000E+00  -1.400000E+00   1.612930E-01   1.123144E-07
  -1.800000E+00  -1.200000E+00   1.661408E-01   2.500675E-07
  -2.000000E+00  -1.000000E+00   1.732474E-01   6.440634E-07
  -2.200000E+00  -8.000000E-01   1.845071E-01   2.047220E-06
  -2.400000E+00  -6.000000E-01   2.045741E-01   9.055578E-06
  -2.600000E+00  -4.000000E-01   2.482243E-01   7.249146E-05
  -2.800000E+00  -2.000000E-01   3.907137E-01   2.243393E-03
  -3.000000E+00  -4.964666E-15   1.000000E+00   1.000000E+00
  -3.500000E+00   5.000000E-01   1.000000E+00   1.000000E+00
  -4.000000E+00   1.000000E+00   1.000000E+00   1.000000E+00
 SURFACE NODE =    90  X =   3.0000E+00  Y =   3.1000E+00
              Z  PRESSURE HEAD             SW           CKRW
   0.000000E+00  -2.947824E-01   2.981641E-01   3.384289E-04
  -1.000000E-01  -2.403688E-01   3.423442E-01   9.270998E-04
  -2.000000E-01  -2.138481E-01   3.721227E-01   1.631428E-03
  -3.000000E-01  -1.973587E-01   3.945400E-01   2.388691E-03
  -4.000000E-01  -1.858819E-01   4.123348E-01   3.162356E-03
  -5.000000E-01  -1.772284E-01   4.271340E-01   3.942336E-03
  -6.000000E-01  -1.692171E-01   4.420252E-01   4.870018E-03
  -7.000000E-01  -1.681256E-01   4.441492E-01   5.015058E-03
  -8.000000E-01  -2.245842E-01   3.592335E-01   1.289094E-03
  -9.000000E-01  -7.997409E-01   1.845259E-01   2.050656E-06
  -1.000000E+00  -1.991019E+00   1.532189E-01   1.802048E-08
  -1.100000E+00  -1.899997E+00   1.540944E-01   2.298175E-08
  -1.200000E+00  -1.800000E+00   1.551734E-01   3.043711E-08
  -1.300000E+00  -1.700000E+00   1.563981E-01   4.096308E-08
  -1.400000E+00  -1.600000E+00   1.577985E-01   5.612931E-08
  -1.500000E+00  -1.500000E+00   1.594132E-01   7.848737E-08
  -1.600000E+00  -1.400000E+00   1.612930E-01   1.123144E-07
  -1.800000E+00  -1.200000E+00   1.661408E-01   2.500675E-07
  -2.000000E+00  -1.000000E+00   1.732474E-01   6.440634E-07
  -2.200000E+00  -8.000000E-01   1.845071E-01   2.047220E-06
  -2.400000E+00  -6.000000E-01   2.045741E-01   9.055578E-06
  -2.600000E+00  -4.000000E-01   2.482243E-01   7.249146E-05
  -2.800000E+00  -2.000000E-01   3.907137E-01   2.243393E-03
  -3.000000E+00  -1.893554E-14   1.000000E+00   1.000000E+00
  -3.500000E+00   5.000000E-01   1.000000E+00   1.000000E+00
  -4.000000E+00   1.000000E+00   1.000000E+00   1.000000E+00
  17670  2.12040000E+06     NSTEP   TIME
 SURFACE NODE =    25  X =   3.2000E+00  Y =   3.2000E+00
              Z  PRESSURE HEAD             SW           CKRW
   0.000000E+00  -1.485630E-01   4.865885E-01   8.691423E-03
  -1.000000E-01  -1.275536E-01   5.430787E-01   1.655358E-02
  -2.000000E-01  -1.457937E-01   4.933316E-01   9.430783E-03
  -3.000000E-01  -1.475662E-01   4.889929E-01   8.949623E-03
  -4.000000E-01  -1.482487E-01   4.873437E-01   8.771886E-03
  -5.000000E-01  -1.557810E-01   4.699122E-01   7.057220E-03
  -6.000000E-01  -1.728278E-01   4.351642E-01   4.423670E-03
  -7.000000E-01  -2.014611E-01   3.886377E-01   2.167466E-03
  -8.000000E-01  -2.731224E-01   3.135759E-01   4.946656E-04
  -9.000000E-01  -6.264700E-01   2.010834E-01   7.247458E-06
  -1.000000E+00  -1.936258E+00   1.537344E-01   2.083122E-08
  -1.100000E+00  -1.900014E+00   1.540943E-01   2.298067E-08
  -1.200000E+00  -1.800000E+00   1.551734E-01   3.043711E-08
  -1.300000E+00  -1.700000E+00   1.563981E-01   4.096308E-08
  -1.400000E+00  -1.600000E+00   1.577985E-01   5.612931E-08
  -1.500000E+00  -1.500000E+00   1.594132E-01   7.848737E-08
  -1.600000E+00  -1.400000E+00   1.612930E-01   1.123144E-07
  -1.800000E+00  -1.200000E+00   1.661408E-01   2.500675E-07
  -2.000000E+00  -1.000000E+00   1.732474E-01   6.440634E-07
  -2.200000E+00  -8.000000E-01   1.845071E-01   2.047220E-06
  -2.400000E+00  -6.000000E-01   2.045741E-01   9.055578E-06
  -2.600000E+00  -4.000000E-01   2.482243E-01   7.249146E-05
  -2.800000E+00  -2.000000E-01   3.907137E-01   2.243393E-03
  -3.000000E+00  -4.952880E-15   1.000000E+00   1.000000E+00
  -3.500000E+00   5.000000E-01   1.000000E+00   1.000000E+00
  -4.000000E+00   1.000000E+00   1.000000E+00   1.000000E+00
 SURFACE NODE =    90  X =   3.0000E+00  Y =   3.1000E+00
              Z  PRESSURE HEAD             SW           CKRW
   0.000000E+00  -9.192216E-02   6.720277E-01   5.630077E-02
  -1.000000E-01  -7.877000E-02   7.309832E-01   9.160154E-02
  -2.000000E-01  -1.065117E-01   6.137064E-01   3.346012E-02
  -3.000000E-01  -1.234588E-01   5.556376E-01   1.889625E-02
  -4.000000E-01  -1.234385E-01   5.557013E-01   1.890877E-02
  -5.000000E-01  -1.254844E-01   5.493568E-01   1.769365E-02
  -6.000000E-01  -1.360894E-01   5.185926E-01   1.265270E-02
  -7.000000E-01  -1.580371E-01   4.649538E-01   6.621117E-03
  -8.000000E-01  -2.012354E-01   3.889565E-01   2.178995E-03
  -9.000000E-01  -3.641328E-01   2.617624E-01   1.168489E-04
  -1.000000E+00  -1.698439E+00   1.564185E-01   4.115907E-08
  -1.100000E+00  -1.899741E+00   1.540970E-01   2.299785E-08
  -1.200000E+00  -1.800000E+00   1.551734E-01   3.043712E-08
  -1.300000E+00  -1.700000E+00   1.563981E-01   4.096308E-08
  -1.400000E+00  -1.600000E+00   1.577985E-01   5.612931E-08
  -1.500000E+00  -1.500000E+00   1.594132E-01   7.848737E-08
  -1.600000E+00  -1.400000E+00   1.612930E-01   1.123144E-07
  -1.800000E+00  -1.200000E+00   1.661408E-01   2.500675E-07
  -2.000000E+00  -1.000000E+00   1.732474E-01   6.440634E-07
  -2.200000E+00  -8.000000E-01   1.845071E-01   2.047220E-06
  -2.400000E+00  -6.000000E-01   2.045741E-01   9.055578E-06
  -2.600000E+00  -4.000000E-01   2.482243E-01   7.249146E-05
  -2.800000E+00  -2.000000E-01   3.907137E-01   2.243393E-03
  -3.000000E+00  -1.897283E-14   1.000000E+00   1.000000E+00
  -3.500000E+00   5.000000E-01   1.000000E+00   1.000000E+00
  -4.000000E+00   1.000000E+00   1.000000E+00   1.000000E+00
  21270  2.55240000E+06     NSTEP   TIME
 SURFACE NODE =    25  X =   3.2000E+00  Y =   3.2000E+00
              Z  PRESSURE HEAD             SW           CKRW
   0.000000E+00  -1.482741E-01   4.872828E-01   8.765374E-03
  -1.000000E-01  -1.271783E-01   5.442071E-01   1.675403E-02
  -2.000000E-01  -1.447322E-01   4.959695E-01   9.733126E-03
  -3.000000E-01  -1.454274E-01   4.942386E-01   9.533889E-03
  -4.000000E-01  -1.437981E-01   4.983154E-01   1.000837E-02
  -5.000000E-01  -1.451343E-01   4.949669E-01   9.617324E-03
  -6.000000E-01  -1.481419E-01   4.876012E-01   8.799449E-03
  -7.000000E-01  -1.527515E-01   4.767575E-01   7.695883E-03
  -8.000000E-01  -1.693447E-01   4.417783E-01   4.853378E-03
  -9.000000E-01  -2.548076E-01   3.287321E-01   6.967529E-04
  -1.000000E+00  -9.649552E-01   1.748409E-01   7.749515E-07
  -1.100000E+00  -1.896757E+00   1.541274E-01   2.318648E-08
  -1.200000E+00  -1.800002E+00   1.551734E-01   3.043698E-08
  -1.300000E+00  -1.700000E+00   1.563981E-01   4.096308E-08
  -1.400000E+00  -1.600000E+00   1.577985E-01   5.612931E-08
  -1.500000E+00  -1.500000E+00   1.594132E-01   7.848737E-08
  -1.600000E+00  -1.400000E+00   1.612930E-01   1.123144E-07
  -1.800000E+00  -1.200000E+00   1.661408E-01   2.500675E-07
  -2.000000E+00  -1.000000E+00   1.732474E-01   6.440634E-07
  -2.200000E+00  -8.000000E-01   1.845071E-01   2.047220E-06
  -2.400000E+00  -6.000000E-01   2.045741E-01   9.055578E-06
  -2.600000E+00  -4.000000E-01   2.482243E-01   7.249146E-05
  -2.800000E+00  -2.000000E-01   3.907137E-01   2.243393E-03
  -3.000000E+00  -4.967358E-15   1.000000E+00   1.000000E+00
  -3.500000E+00   5.000000E-01   1.000000E+00   1.000000E+00
  -4.000000E+00   1.000000E+00   1.000000E+00   1.000000E+00
 SURFACE NODE =    90  X =   3.0000E+00  Y =   3.1000E+00
              Z  PRESSURE HEAD             SW           CKRW
   0.000000E+00  -9.192776E-02   6.720039E-01   5.628928E-02
  -1.000000E-01  -7.876795E-02   7.309928E-01   9.160857E-02
  -2.000000E-01  -1.064649E-01   6.138808E-01   3.351462E-02
  -3.000000E-01  -1.234145E-01   5.557766E-01   1.892358E-02
  -4.000000E-01  -1.235906E-01   5.552247E-01   1.881524E-02
  -5.000000E-01  -1.247319E-01   5.516745E-01   1.813007E-02
  -6.000000E-01  -1.282988E-01   5.408510E-01   1.616346E-02
  -7.000000E-01  -1.316678E-01   5.309983E-01   1.452492E-02
  -8.000000E-01  -1.358112E-01   5.193560E-01   1.276205E-02
  -9.000000E-01  -1.760581E-01   4.292350E-01   4.064135E-03
  -1.000000E+00  -5.014710E-01   2.212560E-01   2.279901E-05
  -1.100000E+00  -1.862879E+00   1.544796E-01   2.546304E-08
  -1.200000E+00  -1.799986E+00   1.551736E-01   3.043835E-08
  -1.300000E+00  -1.700000E+00   1.563981E-01   4.096308E-08
  -1.400000E+00  -1.600000E+00   1.577985E-01   5.612931E-08
  -1.500000E+00  -1.500000E+00   1.594132E-01   7.848737E-08
  -1.600000E+00  -1.400000E+00   1.612930E-01   1.123144E-07
  -1.800000E+00  -1.200000E+00   1.661408E-01   2.500675E-07
  -2.000000E+00  -1.000000E+00   1.732474E-01   6.440634E-07
  -2.200000E+00  -8.000000E-01   1.845071E-01   2.047220E-06
  -2.400000E+00  -6.000000E-01   2.045741E-01   9.055578E-06
  -2.600000E+00  -4.000000E-01   2.482243E-01   7.249146E-05
  -2.800000E+00  -2.000000E-01   3.907137E-01   2.243393E-03
  -3.000000E+00  -1.897325E-14   1.000000E+00   1.000000E+00
  -3.500000E+00   5.000000E-01   1.000000E+00   1.000000E+00
  -4.000000E+00   1.000000E+00   1.000000E+00   1.000000E+00
  21600  2.59200000E+06     NSTEP   TIME
 SURFACE NODE =    25  X =   3.2000E+00  Y =   3.2000E+00
              Z  PRESSURE HEAD             SW           CKRW
   0.000000E+00  -1.984701E-01   3.929183E-01   2.326250E-03
  -1.000000E-01  -1.499026E-01   4.833968E-01   8.357756E-03
  -2.000000E-01  -1.385156E-01   5.120299E-01   1.174284E-02
  -3.000000E-01  -1.391176E-01   5.104278E-01   1.152879E-02
  -4.000000E-01  -1.430207E-01   5.002856E-01   1.024423E-02
  -5.000000E-01  -1.457567E-01   4.934231E-01   9.441144E-03
  -6.000000E-01  -1.481974E-01   4.874674E-01   8.785121E-03
  -7.000000E-01  -1.521451E-01   4.781541E-01   7.831565E-03
  -8.000000E-01  -1.665561E-01   4.472455E-01   5.232485E-03
  -9.000000E-01  -2.423763E-01   3.403536E-01   8.902233E-04
  -1.000000E+00  -8.313454E-01   1.823346E-01   1.677742E-06
  -1.100000E+00  -1.892956E+00   1.541662E-01   2.342949E-08
  -1.200000E+00  -1.800003E+00   1.551734E-01   3.043687E-08
  -1.300000E+00  -1.700000E+00   1.563981E-01   4.096308E-08
  -1.400000E+00  -1.600000E+00   1.577985E-01   5.612931E-08
  -1.500000E+00  -1.500000E+00   1.594132E-01   7.848737E-08
  -1.600000E+00  -1.400000E+00   1.612930E-01   1.123144E-07
  -1.800000E+00  -1.200000E+00   1.661408E-01   2.500675E-07
  -2.000000E+00  -1.000000E+00   1.732474E-01   6.440634E-07
  -2.200000E+00  -8.000000E-01   1.845071E-01   2.047220E-06
  -2.400000E+00  -6.000000E-01   2.045741E-01   9.055578E-06
  -2.600000E+00  -4.000000E-01   2.482243E-01   7.249146E-05
  -2.800000E+00  -2.000000E-01   3.907137E-01   2.243393E-03
  -3.000000E+00  -4.970733E-15   1.000000E+00   1.000000E+00
  -3.500000E+00   5.000000E-01   1.000000E+00   1.000000E+00
  -4.000000E+00   1.000000E+00   1.000000E+00   1.000000E+00
 SURFACE NODE =    90  X =   3.0000E+00  Y =   3.1000E+00
              Z  PRESSURE HEAD             SW           CKRW
   0.000000E+00  -1.718551E-01   4.369879E-01   4.539076E-03
  -1.000000E-01  -1.287588E-01   5.394850E-01   1.592789E-02
  -2.000000E-01  -1.134408E-01   5.887388E-01   2.636930E-02
  -3.000000E-01  -1.116083E-01   5.951729E-01   2.806664E-02
  -4.000000E-01  -1.179260E-01   5.734915E-01   2.267727E-02
  -5.000000E-01  -1.246319E-01   5.519838E-01   1.818896E-02
  -6.000000E-01  -1.290098E-01   5.387422E-01   1.580096E-02
  -7.000000E-01  -1.319407E-01   5.302155E-01   1.440065E-02
  -8.000000E-01  -1.350757E-01   5.213852E-01   1.305640E-02
  -9.000000E-01  -1.690524E-01   4.423441E-01   4.891586E-03
  -1.000000E+00  -4.217785E-01   2.412250E-01   5.531823E-05
  -1.100000E+00  -1.832596E+00   1.548070E-01   2.772683E-08
  -1.200000E+00  -1.799975E+00   1.551737E-01   3.043935E-08
  -1.300000E+00  -1.700000E+00   1.563981E-01   4.096308E-08
  -1.400000E+00  -1.600000E+00   1.577985E-01   5.612931E-08
  -1.500000E+00  -1.500000E+00   1.594132E-01   7.848737E-08
  -1.600000E+00  -1.400000E+00   1.612930E-01   1.123144E-07
  -1.800000E+00  -1.200000E+00   1.661408E-01   2.500675E-07
  -2.000000E+00  -1.000000E+00   1.732474E-01   6.440634E-07
  -2.200000E+00  -8.000000E-01   1.845071E-01   2.047220E-06
  -2.400000E+00  -6.000000E-01   2.045741E-01   9.055578E-06
  -2.600000E+00  -4.000000E-01   2.482243E-01   7.249146E-05
  -2.800000E+00  -2.000000E-01   3.907137E-01   2.243393E-03
  -3.000000E+00  -1.897266E-14   1.000000E+00   1.000000E+00
  -3.500000E+00   5.000000E-01   1.000000E+00   1.000000E+00
  -4.000000E+00   1.000000E+00   1.000000E+00   1.000000E+00
