   0.00000000     TIME
 0    633     ZERO   NQ
          30
          31
          32
          33
          34
          35
          36
          37
          38
          39
          40
          41
         387
         388
         389
         390
         391
         392
         393
         394
         395
         396
         397
         398
         744
         745
         746
         747
         748
         749
         750
         751
         752
         753
         754
         755
        1101
        1102
        1103
        1104
        1105
        1106
        1107
        1108
        1109
        1110
        1111
        1112
        1458
        1459
        1460
        1461
        1462
        1463
        1464
        1465
        1466
        1467
        1468
        1469
        1815
        1816
        1817
        1818
        1819
        1820
        1821
        1822
        1823
        1824
        1825
        1826
        2172
        2173
        2174
        2175
        2176
        2177
        2178
        2179
        2180
        2181
        2182
        2183
        2529
        2530
        2531
        2532
        2533
        2534
        2535
        2536
        2537
        2538
        2539
        2540
        2886
        2887
        2888
        2889
        2890
        2891
        2892
        2893
        2894
        2895
        2896
        2897
        3243
        3244
        3245
        3246
        3247
        3248
        3249
        3250
        3251
        3252
        3253
        3254
        3600
        3601
        3602
        3603
        3604
        3605
        3606
        3607
        3608
        3609
        3610
        3611
        3957
        3958
        3959
        3960
        3961
        3962
        3963
        3964
        3965
        3966
        3967
        3968
        4314
        4315
        4316
        4317
        4318
        4319
        4320
        4321
        4322
        4323
        4324
        4325
        4671
        4672
        4673
        4674
        4675
        4676
        4677
        4678
        4679
        4680
        4681
        4682
        5028
        5029
        5030
        5031
        5032
        5033
        5034
        5035
        5036
        5037
        5038
        5039
        5385
        5386
        5387
        5388
        5389
        5390
        5391
        5392
        5393
        5394
        5395
        5396
        5742
        5743
        5744
        5745
        5746
        5747
        5748
        5749
        5750
        5751
        5752
        5753
        6099
        6100
        6101
        6102
        6103
        6104
        6105
        6106
        6107
        6108
        6109
        6110
        6456
        6457
        6458
        6459
        6460
        6461
        6462
        6463
        6464
        6465
        6466
        6467
        6813
        6814
        6815
        6816
        6817
        6818
        6819
        6820
        6821
        6822
        6823
        6824
        7170
        7171
        7172
        7173
        7174
        7175
        7176
        7177
        7178
        7179
        7180
        7181
        7527
        7528
        7529
        7530
        7531
        7532
        7533
        7534
        7535
        7536
        7537
        7538
        7884
        7885
        7886
        7887
        7888
        7889
        7890
        7891
        7892
        7893
        7894
        7895
        8926
        8927
        8928
        8929
        8930
        8931
        8932
        8933
        8934
        8935
        8936
        8937
        8938
        8939
        8940
        8941
        8942
        8943
        8944
        8945
        8946
        8947
        8948
        8949
        8950
        8951
        8952
        8953
        8954
        8955
        8956
        8957
        8958
        8959
        8960
        8961
        8962
        8963
        8964
        8965
        8966
        8967
        8968
        8969
        8970
        8971
        8972
        8973
        8974
        8975
        8976
        8977
        8978
        8979
        8980
        8981
        8982
        8983
        8984
        8985
        8986
        8987
        8988
        8989
        8990
        8991
        8992
        8993
        8994
        8995
        8996
        8997
        8998
        8999
        9000
        9001
        9002
        9003
        9004
        9005
        9006
        9007
        9008
        9009
        9010
        9011
        9012
        9013
        9014
        9015
        9016
        9017
        9018
        9019
        9020
        9021
        9022
        9023
        9024
        9025
        9026
        9027
        9028
        9029
        9030
        9031
        9032
        9033
        9034
        9035
        9036
        9037
        9038
        9039
        9040
        9041
        9042
        9043
        9044
        9045
        9046
        9047
        9048
        9049
        9050
        9051
        9052
        9053
        9054
        9055
        9056
        9057
        9058
        9059
        9060
        9061
        9062
        9063
        9064
        9065
        9066
        9067
        9068
        9069
        9070
        9071
        9072
        9073
        9074
        9075
        9076
        9077
        9078
        9079
        9080
        9081
        9082
        9083
        9084
        9085
        9086
        9087
        9088
        9089
        9090
        9091
        9092
        9093
        9094
        9095
        9096
        9097
        9098
        9099
        9100
        9101
        9102
        9103
        9104
        9105
        9106
        9107
        9108
        9109
        9110
        9111
        9112
        9113
        9114
        9115
        9116
        9117
        9118
        9119
        9120
        9121
        9122
        9123
        9124
        9125
        9126
        9127
        9128
        9129
        9130
        9131
        9132
        9133
        9134
        9135
        9136
        9137
        9138
        9139
        9140
        9141
        9142
        9143
        9144
        9145
        9146
        9147
        9148
        9149
        9150
        9151
        9152
        9153
        9154
        9155
        9156
        9157
        9158
        9159
        9160
        9161
        9162
        9163
        9164
        9165
        9166
        9167
        9168
        9169
        9170
        9171
        9172
        9173
        9174
        9175
        9176
        9177
        9178
        9179
        9180
        9181
        9182
        9183
        9184
        9185
        9186
        9187
        9188
        9189
        9190
        9191
        9192
        9193
        9194
        9195
        9196
        9197
        9198
        9199
        9200
        9201
        9202
        9203
        9204
        9205
        9206
        9207
        9208
        9209
        9210
        9211
        9212
        9213
        9214
        9215
        9216
        9217
        9218
        9219
        9220
        9221
        9222
        9223
        9224
        9225
        9226
        9227
        9228
        9229
        9230
        9231
        9232
        9233
        9234
        9235
        9236
        9237
        9238
        9239
        9240
        9241
        9242
        9243
        9244
        9245
        9246
        9247
        9248
        9249
        9250
        9251
        9252
        9253
        9254
        9255
        9256
        9257
        9258
        9259
        9260
        9261
        9262
        9263
        9264
        9265
        9266
        9267
        9268
        9269
        9270
        9271
        9272
        9273
        9274
        9275
        9276
        9277
        9278
        9279
        9280
        9281
        9282
   0.00
   0.00
   0.00
   0.00
   0.00
   0.00
   0.00
   0.00
   0.00
   0.00
   0.00
   0.00
   0.00
   0.00
   0.00
   0.00
   0.00
   0.00
   0.00
   0.00
   0.00
   0.00
   0.00
   0.00
   0.00
   0.00
   0.00
   0.00
   0.00
   0.00
   0.00
   0.00
   0.00
   0.00
   0.00
   0.00
   0.00
   0.00
   0.00
   0.00
   0.00
   0.00
   0.00
   0.00
   0.00
   0.00
   0.00
   0.00
   0.00
   0.00
   0.00
   0.00
   0.00
   0.00
   0.00
   0.00
   0.00
   0.00
   0.00
   0.00
   0.00
   0.00
   0.00
   0.00
   0.00
   0.00
   0.00
   0.00
   0.00
   0.00
   0.00
   0.00
   0.00
   0.00
   0.00
   0.00
   0.00
   0.00
   0.00
   0.00
   0.00
   0.00
   0.00
   0.00
   0.00
   0.00
   0.00
   0.00
   0.00
   0.00
   0.00
   0.00
   0.00
   0.00
   0.00
   0.00
   0.00
   0.00
   0.00
   0.00
   0.00
   0.00
   0.00
   0.00
   0.00
   0.00
   0.00
   0.00
   0.00
   0.00
   0.00
   0.00
   0.00
   0.00
   0.00
   0.00
   0.00
   0.00
   0.00
   0.00
   0.00
   0.00
   0.00
   0.00
   0.00
   0.00
   0.00
   0.00
   0.00
   0.00
   0.00
   0.00
   0.00
   0.00
   0.00
   0.00
   0.00
   0.00
   0.00
   0.00
   0.00
   0.00
   0.00
   0.00
   0.00
   0.00
   0.00
   0.00
   0.00
   0.00
   0.00
   0.00
   0.00
   0.00
   0.00
   0.00
   0.00
   0.00
   0.00
   0.00
   0.00
   0.00
   0.00
   0.00
   0.00
   0.00
   0.00
   0.00
   0.00
   0.00
   0.00
   0.00
   0.00
   0.00
   0.00
   0.00
   0.00
   0.00
   0.00
   0.00
   0.00
   0.00
   0.00
   0.00
   0.00
   0.00
   0.00
   0.00
   0.00
   0.00
   0.00
   0.00
   0.00
   0.00
   0.00
   0.00
   0.00
   0.00
   0.00
   0.00
   0.00
   0.00
   0.00
   0.00
   0.00
   0.00
   0.00
   0.00
   0.00
   0.00
   0.00
   0.00
   0.00
   0.00
   0.00
   0.00
   0.00
   0.00
   0.00
   0.00
   0.00
   0.00
   0.00
   0.00
   0.00
   0.00
   0.00
   0.00
   0.00
   0.00
   0.00
   0.00
   0.00
   0.00
   0.00
   0.00
   0.00
   0.00
   0.00
   0.00
   0.00
   0.00
   0.00
   0.00
   0.00
   0.00
   0.00
   0.00
   0.00
   0.00
   0.00
   0.00
   0.00
   0.00
   0.00
   0.00
   0.00
   0.00
   0.00
   0.00
   0.00
   0.00
   0.00
   0.00
   0.00
   0.00
   0.00
   0.00
   0.00
   0.00
   0.00
   0.00
   0.00
   0.00
   0.00
   0.00
   0.00
   0.00
   0.00
   0.00
   0.00
   0.00
   0.00
   0.00
   0.00
   0.00
   0.00
   0.00
   0.00
   0.00
   0.00
   0.00
   0.00
   0.00
   0.00
   0.00
   0.00
   0.00
   0.00
   0.00
   0.00
   0.00
   0.00
   0.00
   0.00
   0.00
   0.00
   0.00
   0.00
   0.00
   0.00
   0.00
   0.00
   0.00
   0.00
   0.00
   0.00
   0.00
   0.00
   0.00
   0.00
   0.00
   0.00
   0.00
   0.00
   0.00
   0.00
   0.00
   0.00
   0.00
   0.00
   0.00
   0.00
   0.00
   0.00
   0.00
   0.00
   0.00
   0.00
   0.00
   0.00
   0.00
   0.00
   0.00
   0.00
   0.00
   0.00
   0.00
   0.00
   0.00
   0.00
   0.00
   0.00
   0.00
   0.00
   0.00
   0.00
   0.00
   0.00
   0.00
   0.00
   0.00
   0.00
   0.00
   0.00
   0.00
   0.00
   0.00
   0.00
   0.00
   0.00
   0.00
   0.00
   0.00
   0.00
   0.00
   0.00
   0.00
   0.00
   0.00
   0.00
   0.00
   0.00
   0.00
   0.00
   0.00
   0.00
   0.00
   0.00
   0.00
   0.00
   0.00
   0.00
   0.00
   0.00
   0.00
   0.00
   0.00
   0.00
   0.00
   0.00
   0.00
   0.00
   0.00
   0.00
   0.00
   0.00
   0.00
   0.00
   0.00
   0.00
   0.00
   0.00
   0.00
   0.00
   0.00
   0.00
   0.00
   0.00
   0.00
   0.00
   0.00
   0.00
   0.00
   0.00
   0.00
   0.00
   0.00
   0.00
   0.00
   0.00
   0.00
   0.00
   0.00
   0.00
   0.00
   0.00
   0.00
   0.00
   0.00
   0.00
   0.00
   0.00
   0.00
   0.00
   0.00
   0.00
   0.00
   0.00
   0.00
   0.00
   0.00
   0.00
   0.00
   0.00
   0.00
   0.00
   0.00
   0.00
   0.00
   0.00
   0.00
   0.00
   0.00
   0.00
   0.00
   0.00
   0.00
   0.00
   0.00
   0.00
   0.00
   0.00
   0.00
   0.00
   0.00
   0.00
   0.00
   0.00
   0.00
   0.00
   0.00
   0.00
   0.00
   0.00
   0.00
   0.00
   0.00
   0.00
   0.00
   0.00
   0.00
   0.00
   0.00
   0.00
   0.00
   0.00
   0.00
   0.00
   0.00
   0.00
   0.00
   0.00
   0.00
   0.00
   0.00
   0.00
   0.00
   0.00
   0.00
   0.00
   0.00
   0.00
   0.00
   0.00
   0.00
   0.00
   0.00
   0.00
   0.00
   0.00
   0.00
   0.00
   0.00
   0.00
   0.00
   0.00
   0.00
   0.00
   0.00
   0.00
   0.00
   0.00
   0.00
   0.00
   0.00
   0.00
   0.00
   0.00
   0.00
   0.00
   0.00
   0.00
   0.00
   0.00
   0.00
   0.00
   0.00
   0.00
   0.00
   0.00
   0.00
   0.00
   0.00
   0.00
   0.00
   0.00
   0.00
   0.00
   0.00
   0.00
   0.00
   0.00
   0.00
   0.00
   0.00
   0.00
   0.00
   0.00
   0.00
   0.00
   0.00
   0.00
   0.00
   0.00
   0.00
   0.00
   0.00
   0.00
   0.00
   0.00
   0.00
   0.00
   0.00
   0.00
   0.00
   0.00
   0.00
   0.00
   0.00
   0.00
   0.00
   0.00
   0.00
   0.00
   0.00
   0.00
   0.00
   0.00
   0.00
   0.00
   0.00
   0.00
   0.00
   0.00
   0.00
   0.00
   0.00
   0.00
   0.00
   0.00
   0.00
   0.00
   0.00
   0.00
   0.00
   0.00
   0.00
   0.00
   0.00
   0.00
   0.00
   0.00
   0.00
   0.00
   0.00
   0.00
   0.00
   0.00
   0.00
   0.00
   0.00
   0.00

   100000000.     TIME
 0    633     ZERO   NQ
          30
          31
          32
          33
          34
          35
          36
          37
          38
          39
          40
          41
         387
         388
         389
         390
         391
         392
         393
         394
         395
         396
         397
         398
         744
         745
         746
         747
         748
         749
         750
         751
         752
         753
         754
         755
        1101
        1102
        1103
        1104
        1105
        1106
        1107
        1108
        1109
        1110
        1111
        1112
        1458
        1459
        1460
        1461
        1462
        1463
        1464
        1465
        1466
        1467
        1468
        1469
        1815
        1816
        1817
        1818
        1819
        1820
        1821
        1822
        1823
        1824
        1825
        1826
        2172
        2173
        2174
        2175
        2176
        2177
        2178
        2179
        2180
        2181
        2182
        2183
        2529
        2530
        2531
        2532
        2533
        2534
        2535
        2536
        2537
        2538
        2539
        2540
        2886
        2887
        2888
        2889
        2890
        2891
        2892
        2893
        2894
        2895
        2896
        2897
        3243
        3244
        3245
        3246
        3247
        3248
        3249
        3250
        3251
        3252
        3253
        3254
        3600
        3601
        3602
        3603
        3604
        3605
        3606
        3607
        3608
        3609
        3610
        3611
        3957
        3958
        3959
        3960
        3961
        3962
        3963
        3964
        3965
        3966
        3967
        3968
        4314
        4315
        4316
        4317
        4318
        4319
        4320
        4321
        4322
        4323
        4324
        4325
        4671
        4672
        4673
        4674
        4675
        4676
        4677
        4678
        4679
        4680
        4681
        4682
        5028
        5029
        5030
        5031
        5032
        5033
        5034
        5035
        5036
        5037
        5038
        5039
        5385
        5386
        5387
        5388
        5389
        5390
        5391
        5392
        5393
        5394
        5395
        5396
        5742
        5743
        5744
        5745
        5746
        5747
        5748
        5749
        5750
        5751
        5752
        5753
        6099
        6100
        6101
        6102
        6103
        6104
        6105
        6106
        6107
        6108
        6109
        6110
        6456
        6457
        6458
        6459
        6460
        6461
        6462
        6463
        6464
        6465
        6466
        6467
        6813
        6814
        6815
        6816
        6817
        6818
        6819
        6820
        6821
        6822
        6823
        6824
        7170
        7171
        7172
        7173
        7174
        7175
        7176
        7177
        7178
        7179
        7180
        7181
        7527
        7528
        7529
        7530
        7531
        7532
        7533
        7534
        7535
        7536
        7537
        7538
        7884
        7885
        7886
        7887
        7888
        7889
        7890
        7891
        7892
        7893
        7894
        7895
        8926
        8927
        8928
        8929
        8930
        8931
        8932
        8933
        8934
        8935
        8936
        8937
        8938
        8939
        8940
        8941
        8942
        8943
        8944
        8945
        8946
        8947
        8948
        8949
        8950
        8951
        8952
        8953
        8954
        8955
        8956
        8957
        8958
        8959
        8960
        8961
        8962
        8963
        8964
        8965
        8966
        8967
        8968
        8969
        8970
        8971
        8972
        8973
        8974
        8975
        8976
        8977
        8978
        8979
        8980
        8981
        8982
        8983
        8984
        8985
        8986
        8987
        8988
        8989
        8990
        8991
        8992
        8993
        8994
        8995
        8996
        8997
        8998
        8999
        9000
        9001
        9002
        9003
        9004
        9005
        9006
        9007
        9008
        9009
        9010
        9011
        9012
        9013
        9014
        9015
        9016
        9017
        9018
        9019
        9020
        9021
        9022
        9023
        9024
        9025
        9026
        9027
        9028
        9029
        9030
        9031
        9032
        9033
        9034
        9035
        9036
        9037
        9038
        9039
        9040
        9041
        9042
        9043
        9044
        9045
        9046
        9047
        9048
        9049
        9050
        9051
        9052
        9053
        9054
        9055
        9056
        9057
        9058
        9059
        9060
        9061
        9062
        9063
        9064
        9065
        9066
        9067
        9068
        9069
        9070
        9071
        9072
        9073
        9074
        9075
        9076
        9077
        9078
        9079
        9080
        9081
        9082
        9083
        9084
        9085
        9086
        9087
        9088
        9089
        9090
        9091
        9092
        9093
        9094
        9095
        9096
        9097
        9098
        9099
        9100
        9101
        9102
        9103
        9104
        9105
        9106
        9107
        9108
        9109
        9110
        9111
        9112
        9113
        9114
        9115
        9116
        9117
        9118
        9119
        9120
        9121
        9122
        9123
        9124
        9125
        9126
        9127
        9128
        9129
        9130
        9131
        9132
        9133
        9134
        9135
        9136
        9137
        9138
        9139
        9140
        9141
        9142
        9143
        9144
        9145
        9146
        9147
        9148
        9149
        9150
        9151
        9152
        9153
        9154
        9155
        9156
        9157
        9158
        9159
        9160
        9161
        9162
        9163
        9164
        9165
        9166
        9167
        9168
        9169
        9170
        9171
        9172
        9173
        9174
        9175
        9176
        9177
        9178
        9179
        9180
        9181
        9182
        9183
        9184
        9185
        9186
        9187
        9188
        9189
        9190
        9191
        9192
        9193
        9194
        9195
        9196
        9197
        9198
        9199
        9200
        9201
        9202
        9203
        9204
        9205
        9206
        9207
        9208
        9209
        9210
        9211
        9212
        9213
        9214
        9215
        9216
        9217
        9218
        9219
        9220
        9221
        9222
        9223
        9224
        9225
        9226
        9227
        9228
        9229
        9230
        9231
        9232
        9233
        9234
        9235
        9236
        9237
        9238
        9239
        9240
        9241
        9242
        9243
        9244
        9245
        9246
        9247
        9248
        9249
        9250
        9251
        9252
        9253
        9254
        9255
        9256
        9257
        9258
        9259
        9260
        9261
        9262
        9263
        9264
        9265
        9266
        9267
        9268
        9269
        9270
        9271
        9272
        9273
        9274
        9275
        9276
        9277
        9278
        9279
        9280
        9281
        9282
   0.00
   0.00
   0.00
   0.00
   0.00
   0.00
   0.00
   0.00
   0.00
   0.00
   0.00
   0.00
   0.00
   0.00
   0.00
   0.00
   0.00
   0.00
   0.00
   0.00
   0.00
   0.00
   0.00
   0.00
   0.00
   0.00
   0.00
   0.00
   0.00
   0.00
   0.00
   0.00
   0.00
   0.00
   0.00
   0.00
   0.00
   0.00
   0.00
   0.00
   0.00
   0.00
   0.00
   0.00
   0.00
   0.00
   0.00
   0.00
   0.00
   0.00
   0.00
   0.00
   0.00
   0.00
   0.00
   0.00
   0.00
   0.00
   0.00
   0.00
   0.00
   0.00
   0.00
   0.00
   0.00
   0.00
   0.00
   0.00
   0.00
   0.00
   0.00
   0.00
   0.00
   0.00
   0.00
   0.00
   0.00
   0.00
   0.00
   0.00
   0.00
   0.00
   0.00
   0.00
   0.00
   0.00
   0.00
   0.00
   0.00
   0.00
   0.00
   0.00
   0.00
   0.00
   0.00
   0.00
   0.00
   0.00
   0.00
   0.00
   0.00
   0.00
   0.00
   0.00
   0.00
   0.00
   0.00
   0.00
   0.00
   0.00
   0.00
   0.00
   0.00
   0.00
   0.00
   0.00
   0.00
   0.00
   0.00
   0.00
   0.00
   0.00
   0.00
   0.00
   0.00
   0.00
   0.00
   0.00
   0.00
   0.00
   0.00
   0.00
   0.00
   0.00
   0.00
   0.00
   0.00
   0.00
   0.00
   0.00
   0.00
   0.00
   0.00
   0.00
   0.00
   0.00
   0.00
   0.00
   0.00
   0.00
   0.00
   0.00
   0.00
   0.00
   0.00
   0.00
   0.00
   0.00
   0.00
   0.00
   0.00
   0.00
   0.00
   0.00
   0.00
   0.00
   0.00
   0.00
   0.00
   0.00
   0.00
   0.00
   0.00
   0.00
   0.00
   0.00
   0.00
   0.00
   0.00
   0.00
   0.00
   0.00
   0.00
   0.00
   0.00
   0.00
   0.00
   0.00
   0.00
   0.00
   0.00
   0.00
   0.00
   0.00
   0.00
   0.00
   0.00
   0.00
   0.00
   0.00
   0.00
   0.00
   0.00
   0.00
   0.00
   0.00
   0.00
   0.00
   0.00
   0.00
   0.00
   0.00
   0.00
   0.00
   0.00
   0.00
   0.00
   0.00
   0.00
   0.00
   0.00
   0.00
   0.00
   0.00
   0.00
   0.00
   0.00
   0.00
   0.00
   0.00
   0.00
   0.00
   0.00
   0.00
   0.00
   0.00
   0.00
   0.00
   0.00
   0.00
   0.00
   0.00
   0.00
   0.00
   0.00
   0.00
   0.00
   0.00
   0.00
   0.00
   0.00
   0.00
   0.00
   0.00
   0.00
   0.00
   0.00
   0.00
   0.00
   0.00
   0.00
   0.00
   0.00
   0.00
   0.00
   0.00
   0.00
   0.00
   0.00
   0.00
   0.00
   0.00
   0.00
   0.00
   0.00
   0.00
   0.00
   0.00
   0.00
   0.00
   0.00
   0.00
   0.00
   0.00
   0.00
   0.00
   0.00
   0.00
   0.00
   0.00
   0.00
   0.00
   0.00
   0.00
   0.00
   0.00
   0.00
   0.00
   0.00
   0.00
   0.00
   0.00
   0.00
   0.00
   0.00
   0.00
   0.00
   0.00
   0.00
   0.00
   0.00
   0.00
   0.00
   0.00
   0.00
   0.00
   0.00
   0.00
   0.00
   0.00
   0.00
   0.00
   0.00
   0.00
   0.00
   0.00
   0.00
   0.00
   0.00
   0.00
   0.00
   0.00
   0.00
   0.00
   0.00
   0.00
   0.00
   0.00
   0.00
   0.00
   0.00
   0.00
   0.00
   0.00
   0.00
   0.00
   0.00
   0.00
   0.00
   0.00
   0.00
   0.00
   0.00
   0.00
   0.00
   0.00
   0.00
   0.00
   0.00
   0.00
   0.00
   0.00
   0.00
   0.00
   0.00
   0.00
   0.00
   0.00
   0.00
   0.00
   0.00
   0.00
   0.00
   0.00
   0.00
   0.00
   0.00
   0.00
   0.00
   0.00
   0.00
   0.00
   0.00
   0.00
   0.00
   0.00
   0.00
   0.00
   0.00
   0.00
   0.00
   0.00
   0.00
   0.00
   0.00
   0.00
   0.00
   0.00
   0.00
   0.00
   0.00
   0.00
   0.00
   0.00
   0.00
   0.00
   0.00
   0.00
   0.00
   0.00
   0.00
   0.00
   0.00
   0.00
   0.00
   0.00
   0.00
   0.00
   0.00
   0.00
   0.00
   0.00
   0.00
   0.00
   0.00
   0.00
   0.00
   0.00
   0.00
   0.00
   0.00
   0.00
   0.00
   0.00
   0.00
   0.00
   0.00
   0.00
   0.00
   0.00
   0.00
   0.00
   0.00
   0.00
   0.00
   0.00
   0.00
   0.00
   0.00
   0.00
   0.00
   0.00
   0.00
   0.00
   0.00
   0.00
   0.00
   0.00
   0.00
   0.00
   0.00
   0.00
   0.00
   0.00
   0.00
   0.00
   0.00
   0.00
   0.00
   0.00
   0.00
   0.00
   0.00
   0.00
   0.00
   0.00
   0.00
   0.00
   0.00
   0.00
   0.00
   0.00
   0.00
   0.00
   0.00
   0.00
   0.00
   0.00
   0.00
   0.00
   0.00
   0.00
   0.00
   0.00
   0.00
   0.00
   0.00
   0.00
   0.00
   0.00
   0.00
   0.00
   0.00
   0.00
   0.00
   0.00
   0.00
   0.00
   0.00
   0.00
   0.00
   0.00
   0.00
   0.00
   0.00
   0.00
   0.00
   0.00
   0.00
   0.00
   0.00
   0.00
   0.00
   0.00
   0.00
   0.00
   0.00
   0.00
   0.00
   0.00
   0.00
   0.00
   0.00
   0.00
   0.00
   0.00
   0.00
   0.00
   0.00
   0.00
   0.00
   0.00
   0.00
   0.00
   0.00
   0.00
   0.00
   0.00
   0.00
   0.00
   0.00
   0.00
   0.00
   0.00
   0.00
   0.00
   0.00
   0.00
   0.00
   0.00
   0.00
   0.00
   0.00
   0.00
   0.00
   0.00
   0.00
   0.00
   0.00
   0.00
   0.00
   0.00
   0.00
   0.00
   0.00
   0.00
   0.00
   0.00
   0.00
   0.00
   0.00
   0.00
   0.00
   0.00
   0.00
   0.00
   0.00
   0.00
   0.00
   0.00
   0.00
   0.00
   0.00
   0.00
   0.00
   0.00
   0.00
   0.00
   0.00
   0.00
   0.00
   0.00
   0.00
   0.00
   0.00
   0.00
   0.00
   0.00
   0.00
   0.00
   0.00
   0.00
   0.00
   0.00
   0.00
   0.00
   0.00
   0.00
   0.00
   0.00
   0.00
   0.00
   0.00
   0.00
   0.00
   0.00
   0.00
   0.00
   0.00
   0.00
   0.00
   0.00
   0.00
